[1,["e6sWl1rAxFk5e8nUtFRqAc@b22d1","e6sWl1rAxFk5e8nUtFRqAc@ea1c5","e6sWl1rAxFk5e8nUtFRqAc@438fe","1eA8oB4ztLT5NC3g1bKoxG","afCXf5c7ZKl4YqDEllcdnr@8a22c","94mz7vyURNNJJhaLCJ3hty@05e57","81CiyPhzhLFrCA2jteNSoK@79bd1","79j5wLdb1Jr6kuVUgs0vqA@ebb6c","e6sWl1rAxFk5e8nUtFRqAc@d4958","1brw/JvvpFnIvdrxpFCgMZ"],["_parent","node","_mesh","_skeleton","root","data","mainTexture","_effectAsset"],[["cc.Node",["_name","_prefab","_children","_lrot","_euler","_parent","_lpos","_components"],2,4,2,5,5,1,5,9],["cc.Node",["_name","_children","_prefab","_lpos","_lrot","_euler","_parent"],2,12,4,5,5,5,1],["cc.SkinnedMeshRenderer",["_shadowCastingMode","node","__prefab","_materials","lightmapSettings","_skinningRoot","_mesh","_skeleton"],2,1,4,3,4,1,6,6],["cc.Prefab",["_name"],2],["cc.Node",["_name","_parent","_children","_prefab","_lpos","_lrot","_euler"],2,1,9,4,5,5,5],["cc.SkeletalAnimation",["node","__prefab","_clips"],3,1,4,3],["cc.CompPrefabInfo",["fileId"],2],["14101B0SwVDw5jlZfSNI/EI",["node","__prefab"],3,1,4],["cc.BoxCollider",["_isTrigger","node","__prefab","_center","_size"],2,1,4,5,5],["cc.PrefabInfo",["fileId","root","asset"],2,1,1],["cc.ModelLightmapSettings",[],3],["cc.Skeleton",["_name","_hash","_joints","_bindposes"],0,12],["cc.Material",["_name","_states","_defines","_props"],0,12],["cc.Mesh",["_native","_hash","_struct"],1,11]],[[9,0,1,2,2],[0,0,5,2,1,6,3,4,2],[0,0,5,1,6,3,4,2],[4,0,1,2,3,4,5,6,2],[6,0,2],[0,0,5,7,1,3,4,2],[10,1],[3,0,2],[0,0,2,7,1,6,2],[0,0,2,1,6,3,4,2],[0,0,2,1,3,4,2],[0,0,5,2,1,3,4,2],[0,0,5,2,1,2],[1,0,1,2,3,4,5,2],[1,0,6,1,2,3,4,5,2],[5,0,1,2,1],[7,0,1,1],[8,0,1,2,3,4,2],[2,0,1,2,3,4,5,6,7,2],[2,1,2,3,4,5,6,7,1],[11,0,1,2,3,4],[12,0,1,2,3,4],[13,0,1,2,3]],[[[[7,"ELF_SM_cavalry_archer_A"],[8,"ELF_SM_cavalry_archer_A",[-5,-6,-7],[[15,-2,[4,"0ePfjIO5VafYkq6LVn7K6f"],[8,9,10,11,12]],[16,-3,[4,"3eqxkQc4NBHqkSHvoH6pS6"]],[17,true,-4,[4,"746+xKZi5DNrejq0BM1qqf"],[1,0,1,0],[1,2,2,2]]],[0,"a0NJBOXPdXOatX8p7S3xwf",-1,0],[1,3.501,0,1.438]],[9,"Bip001 Spine",[-8,-9,-10,-11,-12],[0,"27oyPVaVteBLnZl+/DNgaL",1,0],[1,0.2748667597770691,0.012934772297739983,1.7104842697790446e-7],[3,-0.000002110110962300735,-7.248020900788075e-7,0.0463623226021174,0.9989246893725069],[1,-0.0002387164406464447,-0.00007206624645622915,5.31463592530278]],[13,"Bip001 Spine001",[[-13,-14,-15,[2,"Bone_wood",-16,[0,"69hPpFbFhbVIZY10aAxWyf",1,0],[1,0.1152186468243599,0.3525024652481079,0.1611185073852539],[3,0.7602623172865709,-0.2644693577038799,0.5726828030172022,-0.15521460910014503],[1,175.2892216094959,-75.48540185299836,-35.44418803291999]],[2,"Bone_bag",-17,[0,"c8XzPk5SJWbZtpIyrhN7t/",1,0],[1,0.4182293117046356,0.0037274372298270464,0.15497562289237976],[3,-0.4998007020910924,0.5001993081452287,-0.5001985332848617,0.4998012981375285],[1,0,89.99993167091469,-90]]],1,1,1,4,4],[0,"19Qex50NNY46+IN2ojkg5I",1,0],[1,0.11277984082698822,-0.00025950450799427927,0.00006786636367905885],[3,-0.12018379250934463,-0.0015092405556751715,0.18832991518771308,0.9747232536758342],[1,-14.55500522754672,2.6084865274220834,21.561633269369572]],[14,"Bip001 Neck",2,[[[2,"Bip001 Head",-18,[0,"a7y/Iv9mJTNY5Uky78Ec29",1,0],[1,0.505326509475708,0.06436845660209656,1.196224541644142e-8],[3,0.0000012139464523373293,-0.000003141162300122561,0.6486235211601982,0.7611094059242769],[1,0.002139989163100044,-0.0022966448418705165,80.87580296441337]],-19,-20],4,1,1],[0,"a9JgsyDDJRq4SBJo8f7pNk",1,0],[1,0.6677547097206116,-0.13705287873744965,-4.469266059459187e-7],[3,1.4032087115282207e-14,0.0000010714981348315755,-0.3863203337001731,0.922364678296301],[1,0.00006761698182407839,0.00016143989492421133,-45.45146536136845]],[10,"Bip001 Pelvis001",[3,-21,-22],[0,"00yn2PylVR6Ze1g2T0NJZg",1,0],[3,-0.49999999254917427,-0.49999999254917427,-0.49999930709576956,0.5000007078049009],[1,-89.99991974527727,-89.99991974527727,-0.0000017074910602964197]],[1,"Bip001",1,[-23],[0,"e8HzMbyC1ceIG11D8dW92B",1,0],[1,0,1.104299783706665,-0.42312562465667725],[3,-0.5000003576277408,-0.49999964237200345,-0.49999964237200345,0.5000003576277408],[1,-90,-89.99991803772996,0]],[11,"Bip001 Pelvis",6,[2],[0,"2eWRQFDyRUcamS4Nh7hUlk",1,0],[3,-0.7070218995458601,-0.010922756161539145,-0.010923721943059232,0.7070229128248321],[1,-89.99991911423321,-1.7702570739820498,-0.0000795147920457798]],[1,"Bip001 L Clavicle",4,[-24],[0,"95Fna5CMBd0qdThN8FBvRD",1,0],[1,-0.1258133500814438,0.06755547225475311,0.08885569870471954],[3,0.8491916228064814,0.4158243022979912,0.29471427783944537,0.13822891090961262],[1,-179.0389325450039,-38.747399236997886,51.971563330082816]],[1,"Bip001 L UpperArm",8,[-25],[0,"c5vp2EJH1WjIC2wzp7Qea5",1,0],[1,0.10147072374820709,0,0],[3,-0.6176756675747813,0.713889962870408,0.060704786874346606,0.32427275471349126],[1,-64.77166185193202,92.83571893615063,-57.40879633353178]],[1,"Bip001 L Forearm",9,[-26],[0,"begUAhMCxeFK9bCo1o7FgX",1,0],[1,0.2955707311630249,2.4223327343975143e-8,-1.2111663671987571e-8],[3,2.4673996414038184e-20,2.6992519054379687e-19,-0.09103096303380055,0.9958480625924513],[1,5.72628795447823e-18,3.158355083814134e-17,-10.445840804976738]],[3,"Bip001 L Hand",10,[[2,"Bip001 L Finger0",-27,[0,"e6USBD6zVUJpyttqEmw0tX",1,0],[1,0.34565579891204834,-4.8446654687950286e-8,6.055831835993786e-9],[3,0.0012802452872976186,0.01079809693133935,-0.15233295053117743,0.9882694138022948],[1,0.3497036859965897,1.3059003225574113,-17.52154124296225]]],[0,"41XKTrTUZWG4R8r/XWgZdY",1,0],[1,0.3022104799747467,4.8446654687950286e-8,-1.2111663671987571e-8],[3,-0.08942824764720261,-0.011350779069207173,-0.054078367590648706,0.9944592895116438],[1,-10.375512636419032,-1.8583771720619733,-6.057547955549911]],[1,"Bip001 R Clavicle",4,[-28],[0,"5fvhtL21ta07WaQhPIqyWz",1,0],[1,-0.12581324577331543,0.06755605340003967,-0.08885520696640015],[3,0.8491912354709426,0.4158251222160254,-0.29471313504108176,-0.13823126045731743],[1,179.03933295040395,38.747084678724185,51.971762300781364]],[1,"Bip001 R UpperArm",12,[-29],[0,"c5wTqWxM1SnroW/fBGBdi9",1,0],[1,0.10147072374820709,-9.689330937590057e-8,0],[3,-0.617675660488049,0.7138899546797873,-0.0607048159801892,-0.3242727807953591],[1,64.77166393862485,-92.83571684945778,-57.40879183620816]],[1,"Bip001 R Forearm",13,[-30],[0,"6bHgqbDIlQmpS+dMAUoRUz",1,0],[1,0.29557082056999207,2.4223327343975143e-8,1.2111663671987571e-8],[3,0,0,-0.09103098520032159,0.9958480605661985],[1,0,0,-10.445843355663234]],[3,"Bip001 R Hand",14,[[2,"Bip001 R Finger0",-31,[0,"93rhgZpqxUX725yp/xvL3K",1,0],[1,0.3456558287143707,0,6.055831835993786e-9],[3,-0.0012802548303295063,-0.010798104356408413,-0.1523329650724354,0.9882694114673982],[1,-0.34970497697145475,-1.3059013905317736,-17.521542913575292]]],[0,"e1ru9nh8he75ouAOZCs/Cd",1,0],[1,0.30221042037010193,0,2.4223327343975143e-8],[3,0.08942822554817113,0.011350777238637581,-0.054078352842304535,0.9944592923218363],[1,10.375510028511737,1.8583766704048754,-6.0575463307237865]],[1,"Bip001 L Thigh",2,[-32],[0,"195qIuZoBaF47eCINkF7HD",1,0],[1,-0.2748831510543823,0.01257994957268238,0.1575549840927124],[3,0.685973757591161,0.7248445687206714,-0.0020571891042244937,0.06353048925828163],[1,56.8517617260094,118.15831990250078,83.81931569544132]],[1,"Bip001 L Calf",16,[-33],[0,"7cTO5mtfJW3Z+Mjy2RyiXU",1,0],[1,0.45079419016838074,9.02389263509778e-17,0],[3,-6.371233696933451e-18,2.748751752297467e-18,-0.3961368459538658,0.9181914829041506],[1,-7.951387201063471e-16,4.3487080429583956e-24,-46.67379022295108]],[3,"Bip001 L Foot",17,[[2,"Bip001 L Toe0",-34,[0,"bfJe3klExW+JwPgWRdccHG",1,0],[1,0.10684750229120255,0.3473837971687317,-0.004764970857650042],[3,1.6898290822922968e-8,1.3680640665887346e-8,0.7530927683148229,0.6579143426859732],[1,179.9999993047271,-179.9999968213325,82.28200404615848]]],[0,"4fmCZe2KxZbplfR2vjLPF/",1,0],[1,0.18646039068698883,-9.689330937590057e-8,2.255973158774445e-17],[3,-0.06649703554844164,-0.0024988444140487706,-0.2618777760738953,0.9628042015064406],[1,-8.61319839741331,-2.630430637464782,-30.261126195511903]],[1,"Bip001 R Thigh",2,[-35],[0,"d9ftDekaZaNbeai6hhhjER",1,0],[1,-0.2748831510543823,0.01258082129061222,-0.1575545370578766],[3,0.6859735796412063,0.7248445696336071,0.00205913859778058,-0.0635323370822723],[1,-56.85310478537698,-118.15698446006964,83.81904321169236]],[1,"Bip001 R Calf",19,[-36],[0,"79EC0Q9qZT2LnKhdxuQbxH",1,0],[1,0.45079419016838074,9.02389263509778e-17,0],[3,-2.09887218235787e-17,-1.3616196759024813e-17,-0.3961368459538658,0.9181914829041506],[1,-4.119300550309332e-15,-3.476516610743217e-15,-46.67379022295108]],[3,"Bip001 R Foot",20,[[2,"Bip001 R Toe0",-37,[0,"c276yJRw1apbh2OgMAmJbR",1,0],[1,0.10684745013713837,0.3473837971687317,0.004764934536069632],[3,-2.7798357486277625e-8,-2.3326450182476044e-8,0.7530927683148225,0.6579143426859728],[1,-179.99999938397787,179.99999523199918,82.28200404615843]]],[0,"e44C8bQpBZTb7MZcA8I/uj",1,0],[1,0.18646033108234406,-4.8446654687950286e-8,-1.2111663671987571e-8],[3,0.0664969682649021,0.0024988795628963062,-0.2618778049770738,0.9628041982007018],[1,8.613191210938018,2.630433134144711,-30.261129484816454]],[3,"Bip001 Tail",2,[[2,"Bip001 Tail1",-38,[0,"a3jqdG5XRRMIqQ1zJWC/Ps",1,0],[1,0.27298659086227417,-0.0002980438293889165,-8.264672834989994e-10],[3,2.3848088847590244e-13,3.222720802105173e-7,-0.11619271116613848,0.993226688058551],[1,0.0000044100627476128165,0.00003769741359062,-13.344847151326473]]],[0,"2acmGL+ItfZ5xaIdfdOQqs",1,0],[1,-0.5825061798095703,0.030922822654247284,4.1257277416661964e-7],[3,-9.322550910615015e-14,-0.000002162963233757505,0.7798396270150777,0.6259793575928091],[1,179.99910638354413,-179.9992826916908,77.50821170269207]],[1,"Bone_Mount",2,[-39],[0,"57+OSGJiZdhbRGw02rJ+o7",1,0],[1,0.167403444647789,-0.28931859135627747,-0.0000012410156386977178],[3,0.7035794017220929,-0.07054742184134652,-0.07054695990536533,0.7035781500245955],[1,90.00009915672784,-0.00002767529975491209,-11.451713549954512]],[12,"Bip002",23,[5],[0,"8f80OOf89STbNm84/tP5yc",1,0]],[3,"Bip001 Neck001",3,[[2,"Bip001 Head001",-40,[0,"fcdZLxAD1Wy4S7gVor0thp",1,0],[1,0.07070934772491455,0.01492195762693882,2.1195411648022855e-8],[3,0.1224768601371465,-0.07839024019324846,-0.39781152960497357,0.9058699552842792],[1,13.718473962751128,-3.799671151719192,-47.72570902600229]]],[0,"c9B/cRmr5ewqDsidCi2bul",1,0],[1,0.39117515087127686,-0.0062012444250285625,4.0725470284996845e-7],[3,-0.005443865827621959,0.0033484741140722136,0.40380340285163013,0.914823460505579],[1,-1.0767505061505371,0.8946565356793975,47.62769536225498]],[1,"Bip001 L Clavicle001",3,[-41],[0,"52CX0a9l5eOaim+nJZQYvH",1,0],[1,0.3283379077911377,0.000026645660909707658,0.06485966593027115],[3,0.5135740204665777,-0.1286983381808579,0.8447643786452058,-0.07779208072458552],[1,171.80287694014308,-118.50680940356932,-15.28521876013972]],[1,"Bip001 L UpperArm001",26,[-42],[0,"f9EQ2IWO9U4qHLsJ/UlCDy",1,0],[1,0.16319337487220764,-4.8446654687950286e-8,-1.9378661875180114e-7],[3,0.12025538746401737,0.20327241574164773,0.09193990314167538,0.9673499992219635],[1,11.566412106362389,22.400975518932324,13.106708054986536]],[3,"Bip001 L Forearm001",27,[[2,"Bip001 L Hand001",-43,[0,"ee0slj5dlTnKZtu9cErBhh",1,0],[1,0.2280644029378891,1.804778527019556e-16,0],[3,-0.7458132745088059,-0.2091155566420326,-0.09921858778555451,0.6246510348783438],[1,-97.73329870141531,-24.624700597540595,10.834241886910867]]],[0,"48mSHb6tJYdr7/x1I5nUYS",1,0],[1,0.2977876365184784,4.8446654687950286e-8,-1.804778527019556e-16],[3,1.3399975168809056e-17,2.7989389733694775e-17,-0.7895975095254969,0.6136251078232806],[1,180,180,-75.70417193836755]],[1,"Bip001 R Clavicle001",3,[-44],[0,"e4SBnxWWZWTKwfEtcosOA3",1,0],[1,0.328337699174881,0.000026984787837136537,-0.06485968083143234],[3,-0.5541073699451333,0.03075756143441977,0.8316359549266215,-0.020015830244626352],[1,-178.3357620531027,112.70620584386032,-3.8633876853283087]],[1,"Bip001 R UpperArm001",29,[-45],[0,"1eY5tpR4BRTrnRnqWXgjXc",1,0],[1,0.16319328546524048,4.51194631754889e-17,-1.9378661875180114e-7],[3,-0.030385072077150684,-0.29036406318450325,0.1053837784361578,0.9506101816456476],[1,0.2014038305780919,-33.992824151544234,12.591781367036525]],[3,"Bip001 R Forearm001",30,[[2,"Bip001 R Hand001",-46,[0,"61jfn+2KlSKYX+Z6Fnxqk6",1,0],[1,0.22806447744369507,0,-1.804778527019556e-16],[3,0.6904622222482557,0.2118521452948158,0.34452545174422644,0.5997356094833968],[1,105.63073461309132,-18.23334180981874,44.89422484328965]]],[0,"c9Qw/CEphevIjRvBx3CQCe",1,0],[1,0.2977878451347351,-9.689330937590057e-8,9.689330937590057e-8],[3,-2.4879684471173173e-18,9.492444434630336e-18,-0.5047257020577889,0.863279772543219],[1,6.175203990701296e-16,1.621064767411941e-15,-60.626291097398834]],[1,"Bip001 L Thigh001",5,[-47],[0,"a2va1Sp5pWzop50aOrMel7",1,0],[1,-1.9378661875180114e-7,2.1800994431941945e-7,0.11169195920228958],[3,0.19342829254688454,0.930463848941382,0.1312883643099429,-0.2821097071219024],[1,-21.64458377455662,-143.06906165834275,16.611494847739046]],[1,"Bip001 L Calf001",32,[-48],[0,"15uq4k/n5T2qgHO9eupPJz",1,0],[1,0.3866459131240845,-9.02389263509778e-17,4.8446654687950286e-8],[3,6.132061965826812e-17,-9.572905029819751e-18,-0.5798217683922318,0.8147433441879136],[1,1.5533580851207394e-14,9.708252621220566e-15,-70.8760155086287]],[3,"Bip001 L Foot001",33,[[2,"Bip001 L Toe001",-49,[0,"52ZYyaJ7pfqqp4XHM8lSjW",1,0],[1,0.10453751683235168,0.233274906873703,0],[3,7.902534761926455e-9,1.3170891269877425e-8,0.7071067811865474,0.7071067811865474],[1,0,0.000001280660577328998,90]]],[0,"6f4fowJNVVMZOWulUYqLej",1,0],[1,0.24324624240398407,-7.266998380828227e-8,9.02389263509778e-17],[3,0.06907349860893298,-0.006086862212095103,0.12597782975505709,0.9896066836418086],[1,8.205362783371234,-1.7423097107062735,14.388538320435073]],[1,"Bip001 R Thigh001",5,[-50],[0,"dc6NS7tg9dX6TrRyJjaxt1",1,0],[1,9.689330937590057e-8,-9.689330937590057e-8,-0.11169195920228958],[3,0.19342817737159398,0.9304632126953615,-0.13128938032697915,0.28211141173778814],[1,21.644722406923584,143.0688439592181,16.611406277865097]],[1,"Bip001 R Calf001",35,[-51],[0,"eeiBhARQ5RI6Ag+D7II5tN",1,0],[1,0.3866458833217621,4.8446654687950286e-8,-4.8446654687950286e-8],[3,-3.21865873469843e-17,-4.5227331404522725e-17,-0.5798220111288257,0.8147431714414819],[1,-1.834498367679823e-14,-1.9416542906220757e-14,-70.8760496489109]],[3,"Bip001 R Foot001",36,[[2,"Bip001 R Toe001",-52,[0,"97Qok1typYzZr6htplIB4w",1,0],[1,0.10453756153583527,0.233274906873703,0],[3,-1.2644052776911094e-7,1.264405419799659e-7,0.7071067215818879,0.7071068407911795],[1,0,-0.000020490562904103174,90]]],[0,"70asHjlmJU5oktVwZiQSPb",1,0],[1,0.24324624240398407,-9.02389263509778e-17,4.8446654687950286e-8],[3,-0.06907355939746083,0.006086892584404922,0.12597812993747828,0.9896066409984763],[1,-8.205371563068315,1.7423168648836156,14.388572536138861]],[5,"ELF_Cavalry_Archer_A",1,[[18,1,-53,[4,"8aUgwmG39T07FjcPGG0F+8"],[0,1],[6],1,2,3]],[0,"a2NgL/HL5XI5opS7oIEtEf",1,0],[3,-0.7071067811865476,0,0,0.7071067811865476],[1,-90.00000000000003,0,0]],[5,"outline",1,[[19,-54,[4,"bcXNARIVBFRY/Hv/RHMVda"],[4,5],[6],1,6,7]],[0,"a00m2Krd5HhLzHES6nAsuL",1,0],[3,-0.7071067811865477,0,0,0.7071067811865474],[1,-90.00000000000003,0,0]]],0,[0,4,1,0,1,1,0,1,1,0,1,1,0,-1,6,0,-2,38,0,-3,39,0,-1,4,0,-2,16,0,-3,19,0,-4,22,0,-5,23,0,-1,25,0,-2,26,0,-3,29,0,0,3,0,0,3,0,0,4,0,-2,8,0,-3,12,0,-2,32,0,-3,35,0,-1,7,0,-1,9,0,-1,10,0,-1,11,0,0,11,0,-1,13,0,-1,14,0,-1,15,0,0,15,0,-1,17,0,-1,18,0,0,18,0,-1,20,0,-1,21,0,0,21,0,0,22,0,-1,24,0,0,25,0,-1,27,0,-1,28,0,0,28,0,-1,30,0,-1,31,0,0,31,0,-1,33,0,-1,34,0,0,34,0,-1,36,0,-1,37,0,0,37,0,1,38,0,1,39,0,5,1,2,0,7,3,0,5,5,0,24,54],[0,0,0,0,0,0,0,0,0,0,0,0,0],[-1,-2,2,3,-1,-2,2,3,-1,-2,-3,-4,-5],[0,0,1,2,3,3,1,2,4,5,6,7,4]],[[[20,"Skin-0",2783488034,["Bip001/Bip001 Pelvis/Bip001 Spine","Bip001/Bip001 Pelvis/Bip001 Spine/Bip001 R Thigh","Bip001/Bip001 Pelvis","Bip001/Bip001 Pelvis/Bip001 Spine/Bip001 Neck/Bip001 R Clavicle/Bip001 R UpperArm","Bip001/Bip001 Pelvis/Bip001 Spine/Bip001 Neck/Bip001 R Clavicle/Bip001 R UpperArm/Bip001 R Forearm","Bip001/Bip001 Pelvis/Bip001 Spine/Bip001 Neck","Bip001/Bip001 Pelvis/Bip001 Spine/Bip001 Neck/Bip001 Head","Bip001/Bip001 Pelvis/Bip001 Spine/Bip001 Neck/Bip001 R Clavicle/Bip001 R UpperArm/Bip001 R Forearm/Bip001 R Hand","Bip001/Bip001 Pelvis/Bip001 Spine/Bip001 Neck/Bip001 R Clavicle/Bip001 R UpperArm/Bip001 R Forearm/Bip001 R Hand/Bip001 R Finger0","Bip001/Bip001 Pelvis/Bip001 Spine/Bip001 R Thigh/Bip001 R Calf","Bip001/Bip001 Pelvis/Bip001 Spine/Bip001 R Thigh/Bip001 R Calf/Bip001 R Foot","Bip001/Bip001 Pelvis/Bip001 Spine/Bip001 R Thigh/Bip001 R Calf/Bip001 R Foot/Bip001 R Toe0","Bip001/Bip001 Pelvis/Bip001 Spine/Bip001 Tail","Bip001/Bip001 Pelvis/Bip001 Spine/Bip001 Tail/Bip001 Tail1","Bip001/Bip001 Pelvis/Bip001 Spine/Bip001 L Thigh","Bip001/Bip001 Pelvis/Bip001 Spine/Bip001 Neck/Bip001 L Clavicle/Bip001 L UpperArm","Bip001/Bip001 Pelvis/Bip001 Spine/Bip001 Neck/Bip001 L Clavicle/Bip001 L UpperArm/Bip001 L Forearm","Bip001/Bip001 Pelvis/Bip001 Spine/Bip001 Neck/Bip001 L Clavicle/Bip001 L UpperArm/Bip001 L Forearm/Bip001 L Hand/Bip001 L Finger0","Bip001/Bip001 Pelvis/Bip001 Spine/Bip001 Neck/Bip001 L Clavicle/Bip001 L UpperArm/Bip001 L Forearm/Bip001 L Hand","Bip001/Bip001 Pelvis/Bip001 Spine/Bip001 L Thigh/Bip001 L Calf/Bip001 L Foot/Bip001 L Toe0","Bip001/Bip001 Pelvis/Bip001 Spine/Bip001 L Thigh/Bip001 L Calf","Bip001/Bip001 Pelvis/Bip001 Spine/Bip001 L Thigh/Bip001 L Calf/Bip001 L Foot","Bip001/Bip001 Pelvis/Bip001 Spine/Bone_Mount/Bip002/Bip001 Pelvis001/Bip001 R Thigh001/Bip001 R Calf001","Bip001/Bip001 Pelvis/Bip001 Spine/Bone_Mount/Bip002/Bip001 Pelvis001","Bip001/Bip001 Pelvis/Bip001 Spine/Bone_Mount/Bip002/Bip001 Pelvis001/Bip001 R Thigh001","Bip001/Bip001 Pelvis/Bip001 Spine/Bone_Mount/Bip002/Bip001 Pelvis001/Bip001 Spine001/Bip001 R Clavicle001/Bip001 R UpperArm001/Bip001 R Forearm001","Bip001/Bip001 Pelvis/Bip001 Spine/Bone_Mount/Bip002/Bip001 Pelvis001/Bip001 Spine001/Bip001 R Clavicle001","Bip001/Bip001 Pelvis/Bip001 Spine/Bone_Mount/Bip002/Bip001 Pelvis001/Bip001 Spine001","Bip001/Bip001 Pelvis/Bip001 Spine/Bone_Mount/Bip002/Bip001 Pelvis001/Bip001 Spine001/Bip001 R Clavicle001/Bip001 R UpperArm001","Bip001/Bip001 Pelvis/Bip001 Spine/Bone_Mount/Bip002/Bip001 Pelvis001/Bip001 Spine001/Bip001 Neck001","Bip001/Bip001 Pelvis/Bip001 Spine/Bone_Mount/Bip002/Bip001 Pelvis001/Bip001 L Thigh001","Bip001/Bip001 Pelvis/Bip001 Spine/Bone_Mount/Bip002/Bip001 Pelvis001/Bip001 Spine001/Bip001 L Clavicle001","Bip001/Bip001 Pelvis/Bip001 Spine/Bone_Mount/Bip002/Bip001 Pelvis001/Bip001 Spine001/Bip001 Neck001/Bip001 Head001","Bip001/Bip001 Pelvis/Bip001 Spine/Bone_Mount/Bip002/Bip001 Pelvis001/Bip001 Spine001/Bip001 L Clavicle001/Bip001 L UpperArm001","Bip001/Bip001 Pelvis/Bip001 Spine/Bone_Mount/Bip002/Bip001 Pelvis001/Bip001 Spine001/Bip001 L Clavicle001/Bip001 L UpperArm001/Bip001 L Forearm001","Bip001/Bip001 Pelvis/Bip001 Spine/Bone_Mount/Bip002/Bip001 Pelvis001/Bip001 L Thigh001/Bip001 L Calf001","Bip001/Bip001 Pelvis/Bip001 Spine/Bone_Mount/Bip002/Bip001 Pelvis001/Bip001 R Thigh001/Bip001 R Calf001/Bip001 R Foot001","Bip001/Bip001 Pelvis/Bip001 Spine/Bone_Mount/Bip002/Bip001 Pelvis001/Bip001 L Thigh001/Bip001 L Calf001/Bip001 L Foot001","Bip001/Bip001 Pelvis/Bip001 Spine/Bone_Mount/Bip002/Bip001 Pelvis001/Bip001 Spine001/Bip001 R Clavicle001/Bip001 R UpperArm001/Bip001 R Forearm001/Bip001 R Hand001","Bip001/Bip001 Pelvis/Bip001 Spine/Bone_Mount/Bip002/Bip001 Pelvis001/Bip001 Spine001/Bip001 L Clavicle001/Bip001 L UpperArm001/Bip001 L Forearm001/Bip001 L Hand001"],[[[7,0.0000013682846429219353,-0.000002858351763279643,1,0,-0.9980872869491577,0.06182163208723068,0.0000015423754575749626,0,-0.06182163581252098,-0.9980872273445129,-0.0000027682949621521402,0,0.21570275723934174,1.0886095762252808,0.000002631500819916255,1],[7,0.09492424875497818,-0.08417672663927078,-0.9919192790985107,0,0.11217294633388519,-0.9891679883003235,0.09467794001102448,0,-0.9891443252563477,-0.12025374174118042,-0.08445369452238083,0,1.0598044395446777,0.5380758047103882,-0.10308004170656204,1],[7,-1.654757753044578e-8,0.0000014291501884144964,1,0,-0.999522864818573,-0.03089189901947975,2.760948270008612e-8,0,0.0308919008821249,-0.9995228052139282,0.000001428979203410563,0,0.38880980014801025,1.1168440580368042,-0.00000158970385655266,1],[7,-0.009390364401042461,-0.0023374769371002913,0.9999532103538513,0,0.3188048005104065,0.9478060007095337,0.0052094124257564545,0,-0.947773814201355,0.31883877515792847,-0.00815504603087902,0,1.1600468158721924,0.2084433138370514,0.13936613500118256,1],[7,-0.008810938335955143,-0.004001277964562178,0.9999532103538513,0,0.14167818427085876,0.9898990392684937,0.0052094231359660625,0,-0.9898735880851746,0.14171743392944336,-0.008155045099556446,0,0.8123567700386047,0.3617234528064728,0.13936613500118256,1],[7,0.0000010202685416516033,-0.0000018579380594019312,1,0,-0.7442288994789124,-0.6679246425628662,-4.816492946702056e-7,0,0.6679246425628662,-0.7442288994789124,-0.000002064193722617347,0,-1.1905966997146606,0.5376607179641724,0.0000011701856692525325,1],[7,0.000004683683528128313,-0.0000035289526749693323,1,0,-0.7774893641471863,0.6288959383964539,0.000005860859801032348,0,-0.6288959383964539,-0.7774893641471863,2.0182666560231155e-7,0,0.19837261736392975,1.7495168447494507,0.000003793427140408312,1],[7,-0.040581416338682175,0.17174941301345825,0.9843044281005859,0,0.036183640360832214,0.9847223162651062,-0.17033056914806366,0,-0.9985209107398987,0.028703458607196808,-0.04617594927549362,0,0.46436503529548645,0.434345006942749,0.07890185713768005,1],[7,-0.06900455802679062,0.1523059904575348,0.9859215021133423,0,-0.26567068696022034,0.9497836232185364,-0.16531766951084137,0,-0.9615910053253174,-0.27333810925483704,-0.02507617138326168,0,-0.01587889902293682,0.44999098777770996,0.07892364263534546,1],[7,0.1263674944639206,0.011295552365481853,-0.9919192790985107,0,0.7965467572212219,-0.5971176028251648,0.09467792510986328,0,-0.5912229418754578,-0.8020741939544678,-0.08445369452238083,0,0.026445098221302032,0.8122314214706421,-0.10308002680540085,1],[7,0.14266078174114227,-0.05230196565389633,-0.9883888959884644,0,0.9844420552253723,-0.09599435329437256,0.1471707671880722,0,-0.10257706791162491,-0.9940069317817688,0.03779362142086029,0,-0.5432968735694885,0.5998338460922241,-0.20243102312088013,1],[7,-0.07098712027072906,-0.13434435427188873,-0.9883888959884644,0,-0.2273327112197876,-0.9626322984695435,0.14717070758342743,0,-0.9712264537811279,0.2351403385400772,0.03779362142086029,0,0.33747580647468567,0.6103513836860657,-0.2071959376335144,1],[7,-3.787048683534522e-7,-0.0000040911622818384785,1,0,0.27624404430389404,0.9610875844955444,0.000004036580321553629,0,-0.9610875248908997,0.27624404430389404,7.661906806788465e-7,0,0.8599959015846252,-1.0080902576446533,-0.00000351071207660425,1],[7,-6.437097965772409e-8,-0.0000041429952943872195,1,0,0.04695507884025574,0.9988970756530762,0.000004141448243899504,0,-0.9988970160484314,0.04695507884025574,1.3023469591644243e-7,0,0.803769052028656,-0.8450919389724731,-0.000003058619540752261,1],[7,-0.09492472559213638,0.0841793566942215,-0.9919189810752869,0,0.1121726930141449,-0.9891677498817444,-0.09468059986829758,0,-0.9891442656517029,-0.12025375664234161,0.08445386588573456,0,1.0598045587539673,0.5380757451057434,0.10308096557855606,1],[7,0.009389490820467472,0.002334882039576769,0.9999532103538513,0,0.3188048005104065,0.9478060603141785,-0.005206674337387085,0,-0.947773814201355,0.31883877515792847,0.00815504603087902,0,1.1600468158721924,0.2084432989358902,-0.13936689496040344,1],[7,0.008810549043118954,0.003998555243015289,0.9999532103538513,0,0.14167821407318115,0.9898990392684937,-0.005206672940403223,0,-0.9898735880851746,0.14171744883060455,0.00815504603087902,0,0.8123567700386047,0.3617234230041504,-0.13936689496040344,1],[7,0.06900530308485031,-0.1523086577653885,0.9859210252761841,0,-0.2656704783439636,0.9497832655906677,0.16532042622566223,0,-0.9615910053253174,-0.27333810925483704,0.02507616952061653,0,-0.015878938138484955,0.4499911069869995,-0.07892439514398575,1],[7,0.040581319481134415,-0.17175212502479553,0.9843040108680725,0,0.03618375584483147,0.9847218990325928,0.17033326625823975,0,-0.9985209107398987,0.028703464195132256,0.04617595300078392,0,0.46436500549316406,0.4343450963497162,-0.07890262454748154,1],[7,0.07098773866891861,0.13434699177742004,-0.9883884191513062,0,-0.22733250260353088,-0.96263188123703,-0.14717340469360352,0,-0.9712265133857727,0.23514032363891602,-0.03779361769556999,0,0.3374757468700409,0.6103512048721313,0.20719696581363678,1],[7,-0.12636978924274445,-0.0112940464168787,-0.9919189810752869,0,0.7965463995933533,-0.5971176624298096,-0.09468065202236176,0,-0.5912229418754578,-0.8020741939544678,0.08445386588573456,0,0.026445310562849045,0.8122314214706421,0.10308098047971725,1],[7,-0.14266347885131836,0.052302226424217224,-0.9883884191513062,0,0.9844416379928589,-0.09599420428276062,-0.14717347919940948,0,-0.10257706046104431,-0.9940069317817688,-0.03779361769556999,0,-0.5432966351509094,0.5998337864875793,0.2024320662021637,1],[7,-0.06091082841157913,-0.5882881283760071,-0.8063541650772095,0,0.6498337984085083,-0.6365667581558228,0.4153296649456024,0,-0.7576317191123962,-0.49869808554649353,0.4210633635520935,0,0.9347842931747437,0.23279045522212982,-0.6550472378730774,1],[7,-0.0000014315035059553338,0.0000027376581783755682,1,0,0.13757142424583435,-0.9904918670654297,0.000002908562237280421,0,0.9904918074607849,0.13757142424583435,0.0000010412691153760534,0,-1.3600863218307495,-0.22623899579048157,-0.0000013276035133458208,1],[7,-0.5757768154144287,-0.13518144190311432,-0.8063542246818542,0,-0.3885419964790344,-0.8225184679031372,0.4153295159339905,0,-0.7193860411643982,0.5524395704269409,0.4210633635520935,0,0.9128367304801941,-0.8069301843643188,-0.6550473570823669,1],[7,-0.5558817982673645,-0.15708838403224945,0.8162834048271179,0,-0.4411196708679199,0.8880561590194702,-0.1294979751110077,0,-0.7045629620552063,-0.4320642650127411,-0.5629489421844482,0,0.9587600827217102,0.4838964343070984,1.1618202924728394,1],[7,-0.8616824150085449,0.3054795265197754,0.4051986038684845,0,0.37361621856689453,0.9222608804702759,0.09922716021537781,0,-0.3433869779109955,0.23689107596874237,-0.9088278412818909,0,0.5863683223724365,-0.3283742070198059,1.6841036081314087,1],[7,-0.042326539754867554,-0.23485733568668365,0.9711079597473145,0,-0.23619577288627625,-0.9420750737190247,-0.23813068866729736,0,0.9707831740379333,-0.2394508421421051,-0.01559753343462944,0,-1.4514248371124268,0.33680763840675354,0.018123876303434372,1],[7,-0.4095551073551178,0.4073645770549774,0.8162834048271179,0,0.5575157999992371,0.8200039267539978,-0.12949799001216888,0,-0.7221085429191589,0.40205439925193787,-0.5629489421844482,0,1.1897497177124023,-0.5981478691101074,1.1618202924728394,1],[7,-0.21224947273731232,-0.13402637839317322,0.9679809808731079,0,-0.8526450991630554,-0.45855289697647095,-0.25045087933540344,0,0.47743749618530273,-0.8785021901130676,-0.016949333250522614,0,-0.9884426593780518,1.592409372329712,0.01927832141518593,1],[7,0.5757774114608765,0.13518396019935608,-0.8063533306121826,0,-0.3885403275489807,-0.8225182294845581,-0.41533157229423523,0,-0.7193863987922668,0.5524393916130066,-0.42106297612190247,0,0.9128373265266418,-0.8069299459457397,0.6550467610359192,1],[7,0.9045839309692383,-0.06448564678430557,0.4213900566101074,0,0.15523630380630493,0.9704514741897583,-0.1847316324710846,0,-0.39702606201171875,0.23252032697200775,0.8878651857376099,0,0.690967321395874,-0.3062988221645355,-1.6467865705490112,1],[7,-0.00014171533985063434,0.03867923095822334,0.9992517232894897,0,-0.24416299164295197,-0.9690098762512207,0.037473998963832855,0,0.9697341322898865,-0.2439749836921692,0.009581361897289753,0,-1.877280354499817,0.29332786798477173,0.020444074645638466,1],[7,0.643511176109314,-0.0644194707274437,0.7627211213111877,0,0.42841270565986633,0.8560692667961121,-0.28915005922317505,0,-0.6343152523040771,0.5128306746482849,0.5784883499145508,0,1.0169975757598877,-0.8050285577774048,-1.1840248107910156,1],[7,-0.09647659212350845,0.6394911408424377,0.762721061706543,0,-0.935347318649292,0.20375856757164001,-0.2891501784324646,0,-0.3403199017047882,-0.7413052916526794,0.5784884095191956,0,0.6025067567825317,0.8957229256629944,-1.1840248107910156,1],[7,0.06090901046991348,0.5882893800735474,-0.8063533306121826,0,0.6498337388038635,-0.6365655064582825,-0.4153316617012024,0,-0.7576318383216858,-0.4986981451511383,-0.4210629463195801,0,0.9347842335700989,0.23279069364070892,0.6550467014312744,1],[7,-0.18141284584999084,-0.4397619962692261,-0.8796015977859497,0,0.45874276757240295,-0.8290050625801086,0.3198528587818146,0,-0.869853138923645,-0.3454854488372803,0.3521297872066498,0,0.7466760277748108,0.13871996104717255,-0.6202700138092041,1],[7,0.18141117691993713,0.4397640526294708,-0.8796008229255676,0,0.45874351263046265,-0.829003632068634,-0.3198551535606384,0,-0.8698530793190002,-0.3454858362674713,-0.3521294593811035,0,0.7466760277748108,0.13872046768665314,0.6202694177627563,1],[7,-0.30396178364753723,0.8922726511955261,-0.33385133743286133,0,0.3012828230857849,-0.2424158751964569,-0.9222057461738586,0,-0.9037896990776062,-0.3808988928794861,-0.1951412856578827,0,1.0906976461410522,0.9512519240379333,0.15295973420143127,1],[7,0.34620487689971924,-0.8055815100669861,0.4808124899864197,0,-0.9151607155799866,-0.17720927298069,0.3620466887950897,0,-0.20645369589328766,-0.5653630495071411,-0.7985872030258179,0,0.018132520839571953,1.0989066362380981,1.0660755634307861,1]],8,8,8,8,8,8,8,8,8,8,8,8,8,8,8,8,8,8,8,8,8,8,8,8,8,8,8,8,8,8,8,8,8,8,8,8,8,8,8,8]]],0,0,[],[],[]],[[[21,"ELF_WoodElf_Standard_Units",[{"rasterizerState":{},"blendState":{"targets":[{}]},"depthStencilState":{}}],[{"HAS_SECOND_UV":true,"USE_ALBEDO_MAP":true}],[[[{"metallic":0.4000000059604645,"roughness":0.7071067690849304},"mainTexture",6,0]],11]]],0,0,[0,0],[6,7],[8,9]],[[[22,".bin",2698704574,[{"primitives":[{"primitiveMode":7,"jointMapIndex":0,"vertexBundelIndices":[0],"indexView":{"offset":22400,"length":2184,"count":1092,"stride":2}},{"primitiveMode":7,"jointMapIndex":1,"vertexBundelIndices":[1],"indexView":{"offset":66584,"length":3354,"count":1677,"stride":2}}],"vertexBundles":[{"view":{"offset":0,"length":22400,"count":280,"stride":80},"attributes":[{"name":"a_position","format":32,"isNormalized":false},{"name":"a_normal","format":32,"isNormalized":false},{"name":"a_texCoord","format":21,"isNormalized":false},{"name":"a_tangent","format":44,"isNormalized":false},{"name":"a_joints","format":42,"isNormalized":false},{"name":"a_weights","format":44,"isNormalized":false},{"name":"a_texCoord1","format":21,"isNormalized":false}]},{"view":{"offset":24584,"length":42000,"count":525,"stride":80},"attributes":[{"name":"a_position","format":32,"isNormalized":false},{"name":"a_normal","format":32,"isNormalized":false},{"name":"a_texCoord","format":21,"isNormalized":false},{"name":"a_tangent","format":44,"isNormalized":false},{"name":"a_joints","format":42,"isNormalized":false},{"name":"a_weights","format":44,"isNormalized":false},{"name":"a_texCoord1","format":21,"isNormalized":false}]}],"jointMaps":[[0,1,2,3,4,5,6,7,8,9,10,11,12,13,14,15,16,17,18,19,20,21],[0,22,23,24,25,26,27,28,29,30,31,32,33,34,35,36,37,38,39]]},"minPosition",8,[1,-0.5619050860404968,-1.2812244892120361,0.0029620975255966187],"maxPosition",8,[1,0.6888691186904907,0.8931472301483154,2.3114876747131348]]],-1],0,0,[],[],[]]]]
