[1,["73efpIJapN1bBueP9qWdBk@c5631","73efpIJapN1bBueP9qWdBk@406f1","73efpIJapN1bBueP9qWdBk@438fe","1eA8oB4ztLT5NC3g1bKoxG","73efpIJapN1bBueP9qWdBk@9cf6b","1brw/JvvpFnIvdrxpFCgMZ","19Ozrouy5Fu7Pm07shHfMw@8a22c","25FEFVzx5JtZQyGerYPyLD@05e57","bbmHtv9eZFc7jfbGLemfpY@81e2e","9bwXGYzFpAAaxiTR/7jhfJ@ebb6c","51dPqjzOhAFpcNFXV9uAEh@938d1"],["_parent","node","_mesh","_skeleton","mainTexture","_effectAsset","root","data"],[["cc.Node",["_name","_active","_prefab","_lrot","_euler","_parent","_lpos","_children","_components","_lscale"],1,4,5,5,1,5,2,9,5],["cc.Mesh",["_native","_hash","_struct"],1,11],["cc.Skeleton",["_name","_hash","_joints","_bindposes"],0,12],["cc.Material",["_name","_states","_defines","_props"],0,12],["cc.Prefab",["_name"],2],["cc.Node",["_name","_parent","_children","_prefab","_lpos","_lrot","_euler"],2,1,12,4,5,5,5],["cc.Node",["_name","_parent","_children","_prefab","_lpos","_lrot","_euler"],2,1,9,4,5,5,5],["cc.SkeletalAnimation",["playOnLoad","node","__prefab","_clips"],2,1,4,3],["cc.CompPrefabInfo",["fileId"],2],["cc.BoxCollider",["_isTrigger","node","__prefab","_center","_size"],2,1,4,5,5],["c20db9gKGVMM6j6TBE2jgkc",["node","__prefab"],3,1,4],["cc.PrefabInfo",["fileId","root","asset"],2,1,1],["cc.SkinnedMeshRenderer",["_shadowCastingMode","node","__prefab","_materials","lightmapSettings","_skinningRoot","_mesh","_skeleton"],2,1,4,3,4,1,6,6],["cc.ModelLightmapSettings",[],3]],[[11,0,1,2,2],[0,0,5,7,2,6,3,4,2],[6,0,1,2,3,4,5,6,2],[8,0,2],[0,0,5,2,6,2],[0,0,5,2,6,3,9,4,2],[0,0,7,2,6,3,4,2],[0,0,5,2,6,3,4,2],[12,0,1,2,3,4,5,6,7,2],[13,1],[1,0,1,2,3],[2,0,1,2,3,4],[3,0,1,2,3,4],[4,0,2],[0,0,7,8,2,9,2],[0,0,5,8,2,3,4,2],[0,0,5,7,2,3,4,2],[0,0,1,5,8,2,3,4,3],[5,0,1,2,3,4,5,6,2],[7,0,1,2,3,2],[9,0,1,2,3,4,2],[10,0,1,1]],[[[[10,".bin",2055459497,[{"primitives":[{"primitiveMode":7,"jointMapIndex":0,"vertexBundelIndices":[0],"indexView":{"offset":170568,"length":22158,"count":11079,"stride":2}},{"primitiveMode":7,"jointMapIndex":1,"vertexBundelIndices":[1],"indexView":{"offset":278334,"length":9810,"count":4905,"stride":2}}],"vertexBundles":[{"view":{"offset":0,"length":170568,"count":2369,"stride":72},"attributes":[{"name":"a_position","format":32,"isNormalized":false},{"name":"a_normal","format":32,"isNormalized":false},{"name":"a_texCoord","format":21,"isNormalized":false},{"name":"a_tangent","format":44,"isNormalized":false},{"name":"a_joints","format":42,"isNormalized":false},{"name":"a_weights","format":44,"isNormalized":false}]},{"view":{"offset":192726,"length":85608,"count":1189,"stride":72},"attributes":[{"name":"a_position","format":32,"isNormalized":false},{"name":"a_normal","format":32,"isNormalized":false},{"name":"a_texCoord","format":21,"isNormalized":false},{"name":"a_tangent","format":44,"isNormalized":false},{"name":"a_joints","format":42,"isNormalized":false},{"name":"a_weights","format":44,"isNormalized":false}]}],"jointMaps":[[0,1,2,3,4,5,6,7,8,9,10,11,12,13,14,15,16,17,18,19,20,21,22,23,24,25,26,27,28,29],[0,1,2,3,4,5,6,8,9,21,22,23,24,25,30,31]]},"minPosition",8,[1,-0.8220274448394775,-4.055141448974609,0.015364227816462517],"maxPosition",8,[1,0.8220275640487671,6.892058849334717,4.315486431121826]]],-1],0,0,[],[],[]],[[[11,"Skin-0",989489280,["Bip01/Bip01 Pelvis/Bip01 Spine/Bip01 Spine1","Bip01/Bip01 Pelvis/Bip01 Spine/Bip01 Spine1/Bip01 Neck","Bip01/Bip01 Pelvis/Bip01 Spine/Bip01 Spine1/Bip01 Neck/Bip01 Head","Bip01/Bip01 Pelvis/Bip01 Spine","Bip01/Bip01 Pelvis","Bip01/Bip01 Pelvis/Bip01 Spine/Bip01 Tail","Bip01/Bip01 Pelvis/Bip01 Spine/Bip01 Tail/Bip01 Tail1","Bip01/Bip01 Pelvis/Bip01 Spine/Bip01 Tail/Bip01 Tail1/Bip01 Tail2","Bip01/Bip01 Pelvis/Bip01 Spine/Bip01 Tail/Bip01 Tail1/Bip01 Tail2/Bip01 Tail3/Bip01 Tail4","Bip01/Bip01 Pelvis/Bip01 Spine/Bip01 Tail/Bip01 Tail1/Bip01 Tail2/Bip01 Tail3","Bip01/Bip01 Pelvis/Bip01 Spine/Bip01 Spine1/Bip01 Neck/Bip01 L Clavicle/Bip01 L UpperArm","Bip01/Bip01 Pelvis/Bip01 Spine/Bip01 Spine1/Bip01 Neck/Bip01 L Clavicle","Bip01/Bip01 Pelvis/Bip01 Spine/Bip01 L Thigh","Bip01/Bip01 Pelvis/Bip01 Spine/Bip01 L Thigh/Bip01 L Calf","Bip01/Bip01 Pelvis/Bip01 Spine/Bip01 L Thigh/Bip01 L Calf/Bip01 L HorseLink","Bip01/Bip01 Pelvis/Bip01 Spine/Bip01 Spine1/Bip01 Neck/Bip01 L Clavicle/Bip01 L UpperArm/Bip01 L Forearm","Bip01/Bip01 Pelvis/Bip01 Spine/Bip01 Spine1/Bip01 Neck/Bip01 L Clavicle/Bip01 L UpperArm/Bip01 L Forearm/Bip01 L Hand","Bip01/Bip01 Pelvis/Bip01 Spine/Bip01 Spine1/Bip01 Neck/Bip01 L Clavicle/Bip01 L UpperArm/Bip01 L Forearm/Bip01 L Hand/Bip01 L Finger0","Bip01/Bip01 Pelvis/Bip01 Spine/Bip01 Spine1/Bip01 Neck/Bip01 L Clavicle/Bip01 L UpperArm/Bip01 L Forearm/Bip01 L Hand/Bip01 L Finger0/Bip01 L Finger01","Bip01/Bip01 Pelvis/Bip01 Spine/Bip01 L Thigh/Bip01 L Calf/Bip01 L HorseLink/Bip01 L Foot/Bip01 L Toe0","Bip01/Bip01 Pelvis/Bip01 Spine/Bip01 L Thigh/Bip01 L Calf/Bip01 L HorseLink/Bip01 L Foot","Bip01/Bip01 Pelvis/Bip01 Spine/Bip01 Spine1/Bip01 Neck/Bip01 Head/Bone001","Bip01/Bip01 Pelvis/Bip01 Spine/Bip01 Spine1/Bip01 Neck/Bip01 R Clavicle/Bip01 R UpperArm","Bip01/Bip01 Pelvis/Bip01 Spine/Bip01 R Thigh","Bip01/Bip01 Pelvis/Bip01 Spine/Bip01 R Thigh/Bip01 R Calf","Bip01/Bip01 Pelvis/Bip01 Spine/Bip01 R Thigh/Bip01 R Calf/Bip01 R HorseLink","Bip01/Bip01 Pelvis/Bip01 Spine/Bip01 Spine1/Bip01 Neck/Bip01 R Clavicle/Bip01 R UpperArm/Bip01 R Forearm","Bip01/Bip01 Pelvis/Bip01 Spine/Bip01 Spine1/Bip01 Neck/Bip01 R Clavicle/Bip01 R UpperArm/Bip01 R Forearm/Bip01 R Hand","Bip01/Bip01 Pelvis/Bip01 Spine/Bip01 Spine1/Bip01 Neck/Bip01 R Clavicle/Bip01 R UpperArm/Bip01 R Forearm/Bip01 R Hand/Bip01 R Finger0","Bip01/Bip01 Pelvis/Bip01 Spine/Bip01 Spine1/Bip01 Neck/Bip01 R Clavicle/Bip01 R UpperArm/Bip01 R Forearm/Bip01 R Hand/Bip01 R Finger0/Bip01 R Finger01","Bip01/Bip01 Pelvis/Bip01 Spine/Bip01 R Thigh/Bip01 R Calf/Bip01 R HorseLink/Bip01 R Foot/Bip01 R Toe0","Bip01/Bip01 Pelvis/Bip01 Spine/Bip01 R Thigh/Bip01 R Calf/Bip01 R HorseLink/Bip01 R Foot"],[[[7,0.0000011957367860304657,-0.000002549363898651791,0.9999998807907104,0,-0.9828668832778931,-0.18431641161441803,7.053606054796546e-7,0,0.18431638181209564,-0.9828670024871826,-0.0000027260791739536216,0,-1.7535502910614014,2.3988914489746094,0.000006696209766232641,1],[7,8.470636885249405e-7,-0.000001913200321723707,0.9999998807907104,0,-0.701562762260437,-0.7126076817512512,-7.690928214287851e-7,0,0.7126076817512512,-0.701562762260437,-0.0000019458539100014605,0,-3.91121506690979,0.6748791933059692,-0.0000032168911729968386,1],[7,0.0000012182931641291361,-0.0000027526489247975405,0.9999998807907104,0,-0.9998518824577332,-0.017194444313645363,0.0000011707828662110842,0,0.017194442451000214,-0.9998520016670227,-0.000002773189862637082,0,-2.616103410720825,3.804229736328125,0.0000054895995162951294,1],[7,0.0000012136385976191377,-0.0000026736561267171055,0.9999998807907104,0,-0.9966261982917786,-0.08207274973392487,9.901099247144884e-7,0,0.08207274228334427,-0.9966263175010681,-0.0000027642424811347155,0,-0.5369080305099487,2.5660204887390137,0.000007161245775932912,1],[7,-0.0000015847431313886773,0.000002661609414644772,0.9999998807907104,0,0.15343405306339264,-0.9881587624549866,0.000002873246558010578,0,0.9881588816642761,0.15343403816223145,0.000001157596329903754,0,-2.827958345413208,0.08083095401525497,-0.000004780586550623411,1],[7,-0.0000012170629588581505,-0.0000026991358481609495,0.9999998807907104,0,0.9981334805488586,-0.061069171875715256,0.0000010499572908884147,0,0.06106916442513466,0.9981335997581482,0.000002768422518784064,0,-1.6639585494995117,-2.545498847961426,-0.000006304409907897934,1],[7,-0.0000012048597000102745,-0.000002579148258519126,0.9999998807907104,0,0.9872256517410278,-0.1593279093503952,7.785382081237913e-7,0,0.159327894449234,0.9872257709503174,0.0000027381686322769383,0,-2.7328438758850098,-2.2856104373931885,-0.000005586191036854871,1],[7,-0.00000120008269277605,-0.000002550051476646331,0.9999998807907104,0,0.9830891489982605,-0.18312732875347137,7.128041943360586e-7,0,0.183127298951149,0.98308926820755,0.0000027266955839877483,0,-4.3169989585876465,-2.1808135509490967,-0.000005296601102600107,1],[7,-0.0000012187038009869866,-0.000002758402843028307,0.9999998807907104,0,0.9999221563339233,-0.012468934990465641,0.0000011842147387142177,0,0.012468934059143066,0.9999222159385681,0.0000027733840397559106,0,-6.202767372131348,-3.16831111907959,-0.000008024987437238451,1],[7,-0.0000012176168411315302,-0.0000027108715130452765,0.9999998807907104,0,0.998675525188446,-0.05144910886883736,0.0000010765322713268688,0,0.05144910514354706,0.9986756443977356,0.00000276992614089977,0,-5.433262348175049,-2.9246749877929688,-0.00000735189769329736,1],[7,0.2362613081932068,0.31552568078041077,0.9190342426300049,0,0.10866940021514893,0.931297242641449,-0.34767216444015503,0,-0.9655939936637878,0.18201234936714172,0.18574152886867523,0,2.602407217025757,0.95078444480896,-1.4196021556854248,1],[7,0.8092761635780334,0.5350669622421265,0.24243611097335815,0,0.18713729083538055,0.15637411177158356,-0.9698074460029602,0,-0.5568227171897888,0.8302111029624939,0.026418857276439667,0,1.7641493082046509,-2.110161304473877,-1.77493417263031,1],[7,0.13039171695709229,0.20267033576965332,-0.970526933670044,0,-0.5482045412063599,-0.8008988499641418,-0.24089980125427246,0,-0.8261173367500305,0.5634585618972778,0.006674223579466343,0,2.530623197555542,-1.2328006029129028,0.4725165367126465,1],[7,-0.13755498826503754,0.19787834584712982,-0.970526933670044,0,0.5310107469558716,-0.8124005794525146,-0.2408996969461441,0,-0.8361257314682007,-0.5484971404075623,0.006674223579466343,0,1.6249637603759766,0.7050871253013611,0.47251659631729126,1],[7,0.013702268712222576,0.2406027764081955,-0.9705268144607544,0,-0.08281059563159943,-0.9670104384422302,-0.2409002035856247,0,-0.9964710474014282,0.08367078751325607,0.0066742245107889175,0,0.8133529424667358,0.258619487285614,0.4725167453289032,1],[7,0.0744832456111908,0.3870764374732971,0.9190341830253601,0,-0.3095528483390808,0.8850428462028503,-0.3476722836494446,0,-0.9479605555534363,-0.25859391689300537,0.18574148416519165,0,1.256005048751831,1.6680316925048828,-1.4196021556854248,1],[7,0.03839990124106407,-0.8693127632141113,0.4927682876586914,0,-0.15597125887870789,0.4818735718727112,0.8622474670410156,0,-0.9870148301124573,-0.109967902302742,-0.11708392202854156,0,1.0049238204956055,1.5261229276657104,1.376418113708496,1],[7,-0.28266701102256775,-0.8233836889266968,0.49207571148872375,0,0.031020665541291237,0.5048815011978149,0.86263108253479,0,-0.9587163329124451,0.25910186767578125,-0.11717145144939423,0,1.346879243850708,1.1089177131652832,1.3776334524154663,1],[7,-0.4519876539707184,-0.7440218329429626,0.49207577109336853,0,0.13812752068042755,0.48660916090011597,0.8626310229301453,0,-0.8812649250030518,0.4578677713871002,-0.11717145144939423,0,1.4261735677719116,0.8233387470245361,1.3776333332061768,1],[7,0.1370043009519577,-5.988136653201082e-10,-0.9905703663825989,0,-0.9903334975242615,-0.02186661772429943,-0.13697153329849243,0,-0.021660424768924713,0.9997608065605164,-0.002995821414515376,0,-0.07406935095787048,-0.05948799103498459,0.44275814294815063,1],[7,-3.0461499989087315e-8,0.13700373470783234,-0.9905704259872437,0,0.021866628900170326,-0.9903335571289062,-0.13697098195552826,0,-0.9997608065605164,-0.021660441532731056,-0.0029957799706608057,0,0.28811901807785034,0.33959054946899414,0.44264352321624756,1],[7,6.985428058214893e-8,-2.771920151189988e-7,-0.5022282004356384,0,-1.573303461074829,-0.2239299714565277,8.314142263543545e-8,0,-0.6961545944213867,0.5060797929763794,-2.3829402095998375e-7,0,-2.2993111610412598,-2.527146100997925,9.068733106687432e-7,1],[7,-0.2362615466117859,-0.3155280351638794,0.9190332889556885,0,0.10866881161928177,0.9312965273857117,0.3476744592189789,0,-0.9655939936637878,0.18201234936714172,-0.18574148416519165,0,2.602407217025757,0.9507843852043152,1.4196021556854248,1],[7,-0.13039050996303558,-0.20266827940940857,-0.9705274701118469,0,-0.5482048392295837,-0.8008993268013,0.24089741706848145,0,-0.8261172771453857,0.5634586215019226,-0.006674057338386774,0,2.530622959136963,-1.2328004837036133,-0.4725155830383301,1],[7,0.13755358755588531,-0.19787649810314178,-0.9705275297164917,0,0.5310111045837402,-0.8124009966850281,0.24089738726615906,0,-0.8361257314682007,-0.5484971404075623,-0.006674056872725487,0,1.624963641166687,0.7050872445106506,-0.4725155830383301,1],[7,-0.013702218420803547,-0.24060018360614777,-0.9705274701118469,0,-0.08281062543392181,-0.967011034488678,0.24089762568473816,0,-0.9964710474014282,0.08367082476615906,-0.006674056872725487,0,0.8133528828620911,0.2586198151111603,-0.47251567244529724,1],[7,-0.07448247075080872,-0.3870786428451538,0.9190332889556885,0,-0.30955302715301514,0.8850419521331787,0.34767451882362366,0,-0.9479605555534363,-0.25859391689300537,-0.18574146926403046,0,1.256005048751831,1.6680316925048828,1.4196021556854248,1],[7,-0.038399506360292435,0.869311511516571,0.4927704334259033,0,-0.15597134828567505,0.4818757474422455,-0.8622462153434753,0,-0.9870148301124573,-0.10996789485216141,0.11708391457796097,0,1.0049238204956055,1.526123046875,-1.3764179944992065,1],[7,0.2826669216156006,0.8233823776245117,0.49207791686058044,0,0.03102138079702854,0.5048835873603821,-0.8626298308372498,0,-0.9587163329124451,0.25910183787345886,0.11717145144939423,0,1.3468793630599976,1.1089178323745728,-1.3776332139968872,1],[7,0.45198729634284973,0.7440205812454224,0.4920779764652252,0,0.13812866806983948,0.4866110384464264,-0.862629771232605,0,-0.8812649250030518,0.45786774158477783,0.11717145144939423,0,1.4261736869812012,0.8233389258384705,-1.3776332139968872,1],[7,-0.1370018720626831,5.399448710363686e-8,-0.9905706644058228,0,-0.9903337955474854,-0.02186661772429943,0.13696911931037903,0,-0.021660422906279564,0.9997608065605164,0.002995821414515376,0,-0.07406914234161377,-0.05948799103498459,-0.4427570700645447,1],[7,-6.591828194402183e-10,-0.13700231909751892,-0.990570604801178,0,0.021866628900170326,-0.9903337359428406,0.13696956634521484,0,-0.9997608065605164,-0.021660441532731056,0.0029957799706608057,0,0.28811901807785034,0.33959028124809265,-0.44264277815818787,1]],8,8,8,8,8,8,8,8,8,8,8,8,8,8,8,8,8,8,8,8,8,8,8,8,8,8,8,8,8,8,8,8]]],0,0,[],[],[]],[[[12,"banlong_3",[{"rasterizerState":{},"blendState":{"targets":[{}]},"depthStencilState":{}}],[{"USE_ALBEDO_MAP":true}],[[[{"metallic":0.4000000059604645,"roughness":0.7071067690849304},"mainTexture",6,0]],11]]],0,0,[0,0],[4,5],[4,5]],[[[13,"banlong_3"],[14,"banlong_3",[-5,-6,-7],[[19,true,-2,[3,"72P0KJ0Xxd85iT8d2IE1rv"],[8,9,10,11,12]],[20,true,-3,[3,"746+xKZi5DNrejq0BM1qqf"],[1,0,1,0],[1,2,2,2]],[21,-4,[3,"83WYcvNXRJbrAXXSPKHn8n"]]],[0,"15N+awvAhZXIm/kBWYMa2m",-1,0],[1,0.6,0.6,0.6]],[6,"Bip01 Spine",[-8,-9,-10,-11],[0,"0b+d2YdjBTerQ8vhv4b8n4",1,0],[1,-0.3071218729019165,0.8006327152252197,-0.0000022926469682715833],[3,-0.0000019247306333152166,-9.799825697723504e-7,0.7320572005230381,0.6812431688888391],[1,-179.99905249981737,179.99881698327633,85.88173037869858]],[6,"Bip01 Neck",[-12,-13,-14],[0,"15qIcRqXBZOZrupVLg7B1P",1,0],[1,1.071703314781189,-0.38876113295555115,0.0000040367140172747895],[3,-1.1112375355566211e-13,8.300249072219629e-7,-0.29925896875867053,0.9541719287512119],[1,0.000034674224904769627,0.00011055703669112318,-34.82620103214642]],[18,"Bip01",1,[[[7,"Bip01 Footsteps",-15,[0,"77+aCaVh1Qta2ik2dTYCgK",1,0],[1,-0.5505879521369934,-3.0692170582824474e-8,-2.7121615409851074],[3,0.07069320754682981,0.07069329695379417,0.7035636680862324,0.7035645621558759],[1,0,11.475488297588845,90]],-16],4,1],[0,"21Kcj9YnZTd6Zr3vVEFAQ7",1,0],[1,2.1856251919416536e-8,2.7820699214935303,-0.5137789249420166],[3,0.547482898447271,0.5474823620054772,0.4475069565847044,-0.4475076122357858],[1,-90.00000003319958,-89.99993135085225,11.475501564063487]],[2,"Bip01 Head",3,[[4,"Bip01 HeadNub",-17,[0,"99uYASlLdZda89e5laFGWE",1,0],[1,1.5918289422988892,0,5.82076596124248e-13]],[5,"Bone001",-18,[0,"132WUXrRJS557Jm0kaEBEW",1,0],[1,0.5158953666687012,0.22237060964107513,-0.000008615476872364525],[3,0.9765716709889087,0.21519240557892408,-3.352664891122083e-7,-0.0000017246108966181275],[1,0.5812464356422424,1.8069818019866943,1.9911264181137085],[1,-179.99979641662156,-0.000005520216720094807,24.853631116485733]]],[0,"b6nxdX1LdcGLOhAcCqnA/h",1,0],[1,0.6205618381500244,-0.20782287418842316,-5.718029569834471e-7],[3,8.24424396034111e-13,-0.0000010493762265422318,0.378343846437616,0.9256651305205834],[1,0.0000637453397839969,-0.0001559606277591348,44.46226872548245]],[15,"banlong_3",1,[[8,1,-19,[3,"1dGkxc4K5XOJKPOv3MWm16"],[0,1],[9],1,2,3]],[0,"b1Sv7WqQhY6qAtgGRNzSwa",1,0],[3,-0.7071067811865476,0,0,0.7071067811865476],[1,-90.00000000000003,0,0]],[16,"Bip01 Pelvis",4,[2],[0,"a2JeofF2hd5KN8w+ZrMc6y",1,0],[3,-0.5114253215886493,-0.4883066763983319,-0.4883067360029773,0.5114266924954932],[1,-89.99992299308977,-87.35048720883167,-0.00008020336225376333]],[1,"Bip01 L Thigh",2,[-20],[0,"d0/cnTKu1VC4FORHERfDkp",1,0],[1,-0.8206213116645813,-0.2488320916891098,0.3784700036048889],[3,0.8580365640220221,0.4990359763216705,0.10810352689533446,0.05522659332920184],[1,-178.48399979999985,-15.241619120038461,60.2642969655803]],[1,"Bip01 L Calf",8,[-21],[0,"cdMmJradRTUq3CQzS/lOdi",1,0],[1,1.2586725950241089,-2.8421708795129297e-16,-3.814697180359872e-8],[3,1.1534852081890791e-17,-7.716226411879252e-18,-0.5560127698965793,0.8311737482090814],[1,1.5902772724007021e-15,6.833105596237643e-23,-67.5610004414251]],[1,"Bip01 L HorseLink",9,[-22],[0,"6ayP9SmIVWqIX+m+oivZm1",1,0],[1,1.144048810005188,-7.629394360719743e-8,-3.814697180359872e-8],[3,1.2935535166296221e-8,6.678857393106596e-9,0.32610040541912855,0.9453351392947793],[1,0.0000014628101076379883,3.049899448915532e-7,38.0645120935948]],[1,"Bip01 L Foot",10,[-23],[0,"cc5NfDQIpUPqhf0T/FCrEZ",1,0],[1,0.49068987369537354,3.552713599391162e-17,3.814697180359872e-8],[3,0.05304668917191317,0.0031826978524356403,-0.05271475090056321,0.9971946019908903],[1,6.126209794823395,0.6879288131795631,-6.015417234043334]],[2,"Bip01 L Toe0",11,[[5,"Bip01 L Toe0Nub",-24,[0,"efXkpgGntTAJ9Epj/JvfoW",1,0],[1,0.46955883502960205,-4.76837147544984e-9,3.814697180359872e-8],[3,-5.718903128837383e-9,1.1641532182693481e-10,1,-6.056657473271651e-17],[1,-0.9999999403953552,-0.9999999403953552,-1],[1,-179.9999999866598,179.99999934466197,-7.016709610635246e-15]]],[0,"9ee3dV+SJTIKxCMA9ygl+C",1,0],[1,0.22863100469112396,0.41365963220596313,-0.00011444091796875],[3,1.9182682437728593e-8,1.1768911380349531e-8,0.7071067811865474,0.7071067811865474],[1,0,0.000003108686757542536,90]],[1,"Bip01 R Thigh",2,[-25],[0,"dakVN9uXZe4Lsg0FHfTi3H",1,0],[1,-0.8206213116645813,-0.24882996082305908,-0.378469854593277],[3,0.8580364038376388,0.4990362851798851,-0.1081021881379457,-0.05522891165885177],[1,178.48460030288928,15.241098662058356,60.264380542539506]],[1,"Bip01 R Calf",13,[-26],[0,"65CEp3Fc1TCZGsoAqfxd25",1,0],[1,1.258672833442688,-7.629394360719743e-8,-3.814697180359872e-8],[3,1.1534850872434278e-17,-7.716226156156217e-18,-0.5560128110744357,0.831173720663198],[1,1.5902772040696523e-15,1.366621056285427e-22,-67.56100611849904]],[1,"Bip01 R HorseLink",14,[-27],[0,"4cGAEcjXlQLKCBbVx59gmO",1,0],[1,1.144048810005188,-7.629394360719743e-8,-7.105427198782324e-17],[3,-3.6982915960013266e-10,-1.605340826862717e-9,0.3261004320522274,0.9453351301074929],[1,2.530912898931528e-8,-2.0332665093592371e-7,38.064515322003636]],[1,"Bip01 R Foot",15,[-28],[0,"bb9V4tCDlUw45yrg83Y1Co",1,0],[1,0.49068981409072876,-3.814697180359872e-8,3.814697180359872e-8],[3,-0.05304670028877889,-0.0031826142626933005,-0.052714765743088504,0.9971946008816828],[1,-6.126210592470009,-0.6879193684374922,-6.015419439606895]],[2,"Bip01 R Toe0",16,[[4,"Bip01 R Toe0Nub",-29,[0,"75uNm+aTtdUabo6/E4e9DB",1,0],[1,0.46955883502960205,0,-3.814697180359872e-8]]],[0,"4bKb0l5LVQZ5JwjA492P9M",1,0],[1,0.22863101959228516,0.41365960240364075,0.00011444091796875],[3,-1.8935727976618206e-8,-1.1851228645874558e-8,0.7071067811865474,0.7071067811865474],[1,0,-0.000003068666074019152,90]],[1,"Bip01 Spine1",2,[3],[0,"42lEi546Bet7fGHkvSFEoU",1,0],[1,0.9601576328277588,-0.0007696532993577421,-2.1344748191154395e-9],[3,-1.790370148167578e-13,1.430696837552494e-7,-0.05158267157767295,0.998668727853681],[1,8.50179919391687e-7,0.0000164603458624236,-5.913563175107952]],[1,"Bip01 L Clavicle",3,[-30],[0,"49d+N+1d5Xz71g2fXU1b5t",1,0],[1,-0.7216427326202393,-0.04946991056203842,0.13169437646865845],[3,0.4804577488633423,0.3846322265389765,0.7849204473602969,-0.0715422475223601],[1,-135.89397828676937,-123.12597699805215,14.909268803339836]],[1,"Bip01 L UpperArm",19,[-31],[0,"d8oOxFBnpXj57wZMrQdbc4",1,0],[1,0.318947434425354,1.5258788721439487e-7,0],[3,-0.42389413576618007,0.19459967251940494,-0.2958551337638651,0.833615300329804],[1,-51.7977653545586,5.6121326486622,-41.16563469020936]],[1,"Bip01 L Forearm",20,[-32],[0,"25MhMBkkFalpOxuJduHRL1",1,0],[1,0.7434051632881165,-7.629394360719743e-8,0],[3,3.1139535444205505e-18,1.3523913650982527e-17,-0.22438403015914593,0.9745007988757832],[1,7.733402527864874e-16,1.7683428828317473e-15,-25.93331914934889]],[1,"Bip01 L Hand",21,[-33],[0,"faCXV9FypUUq/4Ofp9ofNJ",1,0],[1,0.5958151817321777,1.5258788721439487e-7,-1.5258788721439487e-7],[3,-0.6589809590036638,-0.008493848059800921,0.08081765391815643,0.7477569505065893],[1,-83.1383950282294,5.430645644163416,7.588560997160205]],[1,"Bip01 L Finger0",22,[-34],[0,"19SsgVWOpWLJWY3JY2ehs1",1,0],[1,0.15752944350242615,2.8421708795129297e-16,-1.5258788721439487e-7],[3,-0.00039115215765661365,0.000074177651896401,0.1863133879476217,0.9824902864502757],[1,-0.04902518572955032,0.017948450866573252,21.475425398531762]],[2,"Bip01 L Finger01",23,[[4,"Bip01 L Finger0Nub",-35,[0,"57oKWHI6BdgJZPBqiKaODh",1,0],[1,0.2050550878047943,-7.629394360719743e-8,0]]],[0,"8alkntiZFb244pWHKt/G1V",1,0],[1,0.12943977117538452,7.629394360719743e-8,2.8421708795129297e-16],[3,-1.8118610208498377e-8,-5.70424539339061e-9,0.10740118234674452,0.9942157643240831],[1,-0.000002041115234311055,-4.3696770742801657e-7,12.331053346684703]],[1,"Bip01 R Clavicle",3,[-36],[0,"d0fKq68xBf9Ier49xfFY20",1,0],[1,-0.7216430902481079,-0.049469221383333206,-0.1317048817873001],[3,-0.48045796374506483,-0.3846343773220392,0.784919384712532,-0.07154089990022088],[1,135.89380252558365,123.12602141641243,14.909535594425385]],[1,"Bip01 R UpperArm",25,[-37],[0,"70fKn34zBb/pX4UM/PU41k",1,0],[1,0.3189471364021301,-2.8421708795129297e-16,0],[3,0.42389413576618007,-0.19459967251940494,-0.2958551337638651,0.833615300329804],[1,51.7977653545586,-5.6121326486622,-41.16563469020936]],[1,"Bip01 R Forearm",26,[-38],[0,"4dzFU3ueFSvY4fjvqlgqWE",1,0],[1,0.7434051632881165,-7.629394360719743e-8,1.5258788721439487e-7],[3,-3.0161788396958014e-17,-7.29600446979505e-18,-0.22438404431006082,0.9745007956174591],[1,-3.953895481276072e-15,-1.7683429233444603e-15,-25.933320813355117]],[1,"Bip01 R Hand",27,[-39],[0,"f5SIUAEMFU6p0HtTiMFPJ0",1,0],[1,0.5958151817321777,1.5258788721439487e-7,1.5258788721439487e-7],[3,0.6589809593431198,0.008493858308724518,0.0808176465092069,0.7477569508917759],[1,83.13839493857004,-5.430644191881707,7.588561141406884]],[1,"Bip01 R Finger0",28,[-40],[0,"15FW3VjXJYr4LXJfeVr/ZX",1,0],[1,0.15752944350242615,0,1.5258788721439487e-7],[3,0.000391151691995182,-0.00007418532075558305,0.18631338794754962,0.9824902864498957],[1,0.04902530533635422,-0.017949367995952478,21.47542539814919]],[2,"Bip01 R Finger01",29,[[5,"Bip01 R Finger0Nub",-41,[0,"dfpJ8q4upXiKFKsNkAkoEi",1,0],[1,0.20505501329898834,7.629394360719743e-8,2.8421708795129297e-16],[3,3.725290742551124e-9,3.725290298461914e-9,1,-7.511013043707285e-17],[1,-0.9999998807907104,-1,-1],[1,-179.99999957311317,-179.99999957311312,-7.016709415135169e-15]]],[0,"656si/hNFUq6LzbRYIWiAK",1,0],[1,0.12943969666957855,-7.629394360719743e-8,-2.8421708795129297e-16],[3,1.4414868066058987e-8,5.304144552462004e-9,0.10740119707602028,0.994215762732938],[1,0.0000016142284362447525,4.369676517355903e-7,12.331055044355102]],[1,"Bip01 Tail",2,[-42],[0,"6eWOl2B9pW4IOuZbo2LdTp",1,0],[1,-1.8203643560409546,-0.19098174571990967,-0.000001241629320247739],[3,-3.0145970753834487e-14,-0.000002766486695874055,0.9974352253177169,-0.07157493477287909],[1,179.99968052371526,179.99997707470408,-8.208902558633667]],[1,"Bip01 Tail1",31,[-43],[0,"20Wp+ji2dSh6Vy//kPWP3x",1,0],[1,0.8298456072807312,-0.0012126159854233265,-3.3626565976163647e-9],[3,1.4669751752729758e-13,-1.371023646087715e-7,0.04943118730327962,0.9987775316464468],[1,7.804328728759368e-7,-0.000015768628079015,5.666706128810993]],[1,"Bip01 Tail2",32,[-44],[0,"92w9QG0qJUU6qWChm2K8cs",1,0],[1,1.5302190780639648,-0.0011585998581722379,-3.213062926832322e-9],[3,1.172155785018371e-13,-3.3499841558301294e-8,0.01207811587340219,0.9999270568981258],[1,4.639242647021051e-8,-0.000003839639479611522,1.384083781316897]],[1,"Bip01 Tail3",33,[-45],[0,"60fqDzbUpZU4pYeE20ihDe",1,0],[1,1.455450177192688,-0.0007014465518295765,-1.9464641010102923e-9],[3,-1.19844854185359e-14,1.8388620131713334e-7,-0.0662987384206304,0.9977998182420156],[1,0.000001409423119058809,0.000021211919545459468,-7.602852501174534]],[2,"Bip01 Tail4",34,[[7,"Bip01 TailNub",-46,[0,"01JjrmqsJSHLS8C1uqDUmP",1,0],[1,0.7992035150527954,-5.684341759025859e-16,-1.0842021482516974e-21],[3,0.7073882378915716,0.706825212404548,9.802253306413663e-7,-9.810061318601392e-7],[1,0,180.0001589155941,90]]],[0,"66gGrJuG5b+Y5Qt04+xNGw",1,0],[1,0.8883288502693176,-0.0006359863327816129,-1.763110102359633e-9],[3,-5.081539512072878e-15,5.4085372339158984e-8,-0.01950005245334938,0.9998098558997675],[1,1.2094740306427287e-7,0.000006201264751465144,-2.2346830507828006]],[17,"outline",false,1,[[8,1,-47,[3,"0dzzoeXLBFhLOispGDRYGn"],[4,5],[9],1,6,7]],[0,"beZYwZWZhGqr12kXZoCQ/V",1,0],[3,-0.7071067811865476,0,0,0.7071067811865476],[1,-90.00000000000003,0,0]]],0,[0,6,1,0,1,1,0,1,1,0,1,1,0,-1,6,0,-2,4,0,-3,36,0,-1,8,0,-2,13,0,-3,18,0,-4,31,0,-1,5,0,-2,19,0,-3,25,0,0,4,0,-2,7,0,0,5,0,0,5,0,1,6,0,-1,9,0,-1,10,0,-1,11,0,-1,12,0,0,12,0,-1,14,0,-1,15,0,-1,16,0,-1,17,0,0,17,0,-1,20,0,-1,21,0,-1,22,0,-1,23,0,-1,24,0,0,24,0,-1,26,0,-1,27,0,-1,28,0,-1,29,0,-1,30,0,0,30,0,-1,32,0,-1,33,0,-1,34,0,-1,35,0,0,35,0,1,36,0,7,1,2,0,7,3,0,18,47],[0,0,0,0,0,0,0,0,0,0,0,0,0],[-1,-2,2,3,-1,-2,2,3,-1,-2,-3,-4,-5],[0,0,1,2,3,3,1,2,6,7,8,9,10]]]]
