[1,["d5ke/lz65I1r1ePBIaL8xH@482bf","d5ke/lz65I1r1ePBIaL8xH@438fe","d5ke/lz65I1r1ePBIaL8xH@1458b","1brw/JvvpFnIvdrxpFCgMZ","d5ke/lz65I1r1ePBIaL8xH@4d117","1eA8oB4ztLT5NC3g1bKoxG","8f69ZpIY1DCZdU7eO/B6M0@8a22c","ediAsJIWFJioUtEseIEZGB@05e57","04R7xyPBdBapDomum3MbLj@81e2e","03CLQlCaRAq5y2vKGDHMt7@ebb6c","78YZYMAxdCVKbEDJMgwT5j@938d1"],["_parent","node","_mesh","_skeleton","mainTexture","_effectAsset","root","data"],[["cc.Node",["_name","_prefab","_lpos","_parent","_lrot","_euler","_children","_components","_lscale"],2,4,5,1,5,5,2,9,5],["cc.Skeleton",["_name","_hash","_joints","_bindposes"],0,12],["cc.Mesh",["_native","_hash","_struct"],1,11],["cc.Material",["_name","_states","_defines","_props"],0,12],["cc.Prefab",["_name"],2],["cc.Node",["_name","_parent","_children","_prefab","_lpos","_lrot","_euler"],2,1,12,4,5,5,5],["cc.Node",["_name","_parent","_children","_prefab","_lpos","_lrot","_euler"],2,1,9,4,5,5,5],["cc.SkeletalAnimation",["node","__prefab","_clips"],3,1,4,3],["cc.CompPrefabInfo",["fileId"],2],["c20db9gKGVMM6j6TBE2jgkc",["node","__prefab"],3,1,4],["cc.BoxCollider",["_isTrigger","node","__prefab","_center","_size"],2,1,4,5,5],["cc.PrefabInfo",["fileId","root","asset"],2,1,1],["cc.SkinnedMeshRenderer",["_shadowCastingMode","node","__prefab","_materials","lightmapSettings","_skinningRoot","_mesh","_skeleton"],2,1,4,3,4,1,6,6],["cc.ModelLightmapSettings",[],3]],[[11,0,1,2,2],[6,0,1,2,3,4,5,6,2],[0,0,3,6,1,2,4,5,2],[0,0,3,1,2,2],[0,0,3,1,2,4,8,5,2],[0,0,6,1,2,4,5,2],[8,0,2],[0,0,3,1,2,4,5,2],[0,0,3,7,1,4,5,2],[5,0,1,2,3,4,5,6,2],[12,0,1,2,3,4,5,6,7,2],[13,1],[1,0,1,2,3,4],[2,0,1,2,3],[3,0,1,2,3,4],[4,0,2],[0,0,6,7,1,8,2],[0,0,3,6,1,2,2],[7,0,1,2,1],[9,0,1,1],[10,0,1,2,3,4,2]],[[[[12,"Skin-0",372691514,["Bip01/Bip01 Pelvis/Bip01 Spine/Bip01 Spine1","Bip01/Bip01 Pelvis/Bip01 Spine/Bip01 Spine1/Bip01 Neck","Bip01/Bip01 Pelvis/Bip01 Spine/Bip01 Spine1/Bip01 Neck/Bip01 Head","Bip01/Bip01 Pelvis/Bip01 Spine","Bip01/Bip01 Pelvis/Bip01 Spine/Bip01 Spine1/Bip01 Neck/Bip01 R Clavicle","Bip01/Bip01 Pelvis/Bip01 Spine/Bip01 Spine1/Bip01 Neck/Bip01 L Clavicle/Bip01 L UpperArm","Bip01/Bip01 Pelvis/Bip01 Spine/Bip01 Spine1/Bip01 Neck/Bip01 L Clavicle","Bip01/Bip01 Pelvis/Bip01 Spine/Bip01 Spine1/Bip01 Neck/Bip01 R Clavicle/Bip01 R UpperArm","Bip01/Bip01 Pelvis/Bip01 Tail/Bip01 Tail1/Bip01 Tail2/Bip01 Tail3/Bip01 Tail4","Bip01/Bip01 Pelvis/Bip01 Tail/Bip01 Tail1/Bip01 Tail2/Bip01 Tail3","Bip01/Bip01 Pelvis/Bip01 Tail/Bip01 Tail1/Bip01 Tail2","Bip01/Bip01 Pelvis/Bip01 Tail/Bip01 Tail1","Bip01/Bip01 Pelvis/Bip01 Tail","Bip01/Bip01 Pelvis","Bip01/Bip01 Pelvis/Bip01 L Thigh","Bip01/Bip01 Pelvis/Bip01 L Thigh/Bip01 L Calf","Bip01/Bip01 Pelvis/Bip01 R Thigh","Bip01/Bip01 Pelvis/Bip01 Spine/Bip01 Spine1/Bip01 Neck/Bip01 L Clavicle/Bip01 L UpperArm/Bip01 L Forearm","Bip01/Bip01 Pelvis/Bip01 Spine/Bip01 Spine1/Bip01 Neck/Bip01 L Clavicle/Bip01 L UpperArm/Bip01 L Forearm/Bip01 L Hand","Bip01/Bip01 Pelvis/Bip01 L Thigh/Bip01 L Calf/Bip01 L HorseLink","Bip01/Bip01 Pelvis/Bip01 L Thigh/Bip01 L Calf/Bip01 L HorseLink/Bip01 L Foot","Bip01/Bip01 Pelvis/Bip01 R Thigh/Bip01 R Calf","Bip01/Bip01 Pelvis/Bip01 Spine/Bip01 Spine1/Bip01 Neck/Bip01 R Clavicle/Bip01 R UpperArm/Bip01 R Forearm","Bip01/Bip01 Pelvis/Bip01 Spine/Bip01 Spine1/Bip01 Neck/Bip01 R Clavicle/Bip01 R UpperArm/Bip01 R Forearm/Bip01 R Hand","Bip01/Bip01 Pelvis/Bip01 R Thigh/Bip01 R Calf/Bip01 R HorseLink","Bip01/Bip01 Pelvis/Bip01 R Thigh/Bip01 R Calf/Bip01 R HorseLink/Bip01 R Foot"],[[[7,5.904379349885858e-7,-0.0000015470302514586365,1,0,-0.994320809841156,0.10642380267381668,7.51725622194499e-7,0,-0.10642379522323608,-0.9943208694458008,-0.0000014754077710676938,0,-0.7404955625534058,1.1367888450622559,0.0000017005850168061443,1],[7,1.9918158500331629e-7,-0.0000017034018355843727,1,0,-0.9980270266532898,0.06278447061777115,3.0573582421311585e-7,0,-0.06278446316719055,-0.9980270862579346,-0.0000016875358141987817,0,-1.2936574220657349,1.0394501686096191,0.0000012282056331969216,1],[7,-1.6496511534569436e-7,-0.0000016588525113547803,1,0,-0.9898337125778198,-0.14222945272922516,-3.9922568362271704e-7,0,0.14222943782806396,-0.9898337721824646,-0.0000016185251752176555,0,-1.9078316688537598,0.6649103760719299,-9.908289655413682e-8,1],[7,5.904379349885858e-7,-0.0000015470302514586365,1,0,-0.994320809841156,0.10642380267381668,7.51725622194499e-7,0,-0.10642379522323608,-0.9943208694458008,-0.0000014754077710676938,0,-0.1599588394165039,1.1364104747772217,0.000001699549898148689,1],[7,-0.6612885594367981,-0.46947264671325684,0.5850580334663391,0,0.696054220199585,-0.0932677835226059,0.7119056582450867,0,-0.2796531021595001,0.8780072331428528,0.3884553611278534,0,1.1356650590896606,-1.0749989748001099,0.5281257033348083,1],[7,0.21427197754383087,0.21515952050685883,0.952782154083252,0,0.3157203495502472,0.9078212976455688,-0.2760089933872223,0,-0.9243420958518982,0.3599536716938019,0.12659043073654175,0,1.254358172416687,0.6383571624755859,-0.6135170459747314,1],[7,0.6612886190414429,0.4694705009460449,0.5850597023963928,0,0.6960548758506775,-0.09326730668544769,-0.7119050621986389,0,-0.2796514630317688,0.8780083656311035,-0.3884538412094116,0,1.135663390159607,-1.0750001668930054,-0.5281274318695068,1],[7,-0.2142699956893921,-0.2151612490415573,0.9527822136878967,0,0.31572020053863525,0.9078210592269897,0.2760098874568939,0,-0.9243426322937012,0.3599531650543213,-0.12658806145191193,0,1.2543588876724243,0.6383576393127441,0.6135143637657166,1],[7,-5.233155206951778e-7,-0.000004016470484202728,1,0,0.9859206080436707,-0.16721361875534058,-1.556609845465573e-7,0,0.16721361875534058,0.9859206676483154,0.000004047426955366973,0,-2.5337026119232178,-0.8001378774642944,-0.0000021555770217673853,1],[7,-9.227156283486693e-7,-0.00000398977044824278,1,0,0.9998950362205505,-0.014478128403425217,8.648546554468339e-7,0,0.014478127472102642,0.9998950958251953,0.000004002711648354307,0,-2.0033295154571533,-1.178557276725769,-0.000004515075488598086,1],[7,-0.0000010089836450788425,-0.000003986690444435226,1,0,0.999893069267273,0.014617598615586758,0.0000010671518566596205,0,-0.014617597684264183,0.9998931288719177,0.0000039715155253361445,0,-1.472556710243225,-1.2366416454315186,-0.0000048800179683894385,1],[7,-0.0000010306621334166266,-0.0000039677306631347165,1,0,0.9999920725822449,-0.003968464210629463,0.0000010149083209398668,0,0.003968464210629463,0.9999921321868896,0.000003971789737988729,0,-1.017699122428894,-1.2094544172286987,-0.000004803592673852108,1],[7,-9.91011802398134e-7,-0.000004001889465143904,1,0,0.9995558857917786,0.029800351709127426,0.0000011098293271061266,0,-0.029800351709127426,0.9995558857917786,0.00000397057965528802,0,-0.37332674860954285,-1.243509292602539,-0.000004899337000097148,1],[7,-9.397653002451989e-7,0.0000026162442736676894,1,0,-0.9985540509223938,0.0537569560110569,-0.0000010790477062982973,0,-0.0537569522857666,-0.9985541105270386,0.0000025619422103773104,0,0.06685426086187363,1.2453728914260864,-0.0000032403363547928166,1],[7,0.11043699830770493,0.282770037651062,-0.9528088569641113,0,-0.1904442012310028,-0.9348880052566528,-0.29952532052993774,0,-0.9754664301872253,0.21453560888767242,-0.04939430207014084,0,1.1807271242141724,-0.3594180941581726,0.37046360969543457,1],[7,-0.14448514580726624,0.26698198914527893,-0.9528087973594666,0,0.5905473232269287,-0.7493585348129272,-0.29952552914619446,0,-0.7939633727073669,-0.6059557199478149,-0.049394313246011734,0,0.6246895790100098,0.18171346187591553,0.3704635500907898,1],[7,-0.11043444275856018,-0.28276997804641724,-0.95280921459198,0,-0.19044430553913116,-0.9348881840705872,0.29952472448349,0,-0.9754667282104492,0.2145349234342575,0.04939192160964012,0,1.180727481842041,-0.35941725969314575,-0.370460569858551,1],[7,-0.023328587412834167,0.30275723338127136,0.952782154083252,0,-0.48219165205955505,0.8314507007598877,-0.27600911259651184,0,-0.8757551312446594,-0.4658624827861786,0.12659043073654175,0,-0.05000581592321396,0.9205718040466309,-0.6135171055793762,1],[7,0.003033049637451768,-0.02059248648583889,0.9997833371162415,0,-0.022440947592258453,0.9995347261428833,0.020655445754528046,0,-0.999743640422821,-0.022498734295368195,0.0025695236399769783,0,0.13884876668453217,1.1320974826812744,-0.27390822768211365,1],[7,0.10135764628648758,0.2861502766609192,-0.9528087973594666,0,-0.16051502525806427,-0.9404888153076172,-0.29952555894851685,0,-0.9818155169487,0.18329930305480957,-0.049394309520721436,0,0.2793438732624054,-0.038260672241449356,0.3704635798931122,1],[7,0.04658035933971405,0.31842878460884094,-0.9468016624450684,0,0.0049016233533620834,-0.947891891002655,-0.3185543119907379,0,-0.9989026188850403,0.01019750814884901,-0.045713961124420166,0,0.15001849830150604,-0.019909294322133064,0.3696182072162628,1],[7,0.14448651671409607,-0.2669796645641327,-0.9528092741966248,0,0.5905474424362183,-0.7493588328361511,0.29952454566955566,0,-0.7939630150794983,-0.6059563159942627,0.04939192160964012,0,0.6246891617774963,0.18171441555023193,-0.3704606294631958,1],[7,0.023331081494688988,-0.30275657773017883,0.9527822732925415,0,-0.4821915924549103,0.8314504623413086,0.2760097086429596,0,-0.8757550716400146,-0.4658631980419159,-0.12658803164958954,0,-0.05000588670372963,0.9205727577209473,0.6135141849517822,1],[7,-0.0030306056141853333,0.020595183596014977,0.9997832775115967,0,-0.022440990433096886,0.9995347261428833,-0.020658086985349655,0,-0.9997435808181763,-0.022498734295368195,-0.0025670190807431936,0,0.138848677277565,1.1320984363555908,0.27390143275260925,1],[7,-0.10135509818792343,-0.28615015745162964,-0.9528091549873352,0,-0.16051511466503143,-0.9404889941215515,0.2995249927043915,0,-0.9818158149719238,0.18329861760139465,0.04939192533493042,0,0.27934423089027405,-0.0382598452270031,-0.3704606294631958,1],[7,-0.04657793790102005,-0.3184279501438141,-0.946802020072937,0,0.004901589825749397,-0.9478921890258789,0.31855347752571106,0,-0.9989026784896851,0.010196727700531483,0.045711662620306015,0,0.15001872181892395,-0.0199082400649786,-0.36961525678634644,1]],8,8,8,8,8,8,8,8,8,8,8,8,8,8,8,8,8,8,8,8,8,8,8,8,8,8]]],0,0,[],[],[]],[[[13,".bin",4137961782,[{"primitives":[{"primitiveMode":7,"jointMapIndex":0,"vertexBundelIndices":[0],"indexView":{"offset":166896,"length":39456,"count":9864,"stride":4}}],"vertexBundles":[{"view":{"offset":0,"length":166896,"count":2318,"stride":72},"attributes":[{"name":"a_position","format":32,"isNormalized":false},{"name":"a_normal","format":32,"isNormalized":false},{"name":"a_texCoord","format":21,"isNormalized":false},{"name":"a_tangent","format":44,"isNormalized":false},{"name":"a_joints","format":42,"isNormalized":false},{"name":"a_weights","format":44,"isNormalized":false}]}],"jointMaps":[[0,1,2,3,4,5,6,7,8,9,10,11,12,13,14,15,16,17,18,19,20,21,22,23,24,25]]},"minPosition",8,[1,-0.9717739820480347,-2.4616310596466064,-0.00039999998989515007],"maxPosition",8,[1,0.9717739820480347,3.134200096130371,2.188739061355591]]],-1],0,0,[],[],[]],[[[14,"kenshilong",[{"rasterizerState":{},"blendState":{"targets":[{}]},"depthStencilState":{}}],[{"USE_ALBEDO_MAP":true}],[[[{"metallic":0.4000000059604645,"roughness":0.7071067690849304},"mainTexture",6,0]],11]]],0,0,[0,0],[4,5],[2,3]],[[[15,"kenshilong"],[16,"kenshilong",[-5,-6,-7],[[18,-2,[6,"71igLq559QyJzJvOiHIPMK"],[6,7,8,9,10]],[19,-3,[6,"fe4Mr6q81C66VHzO//7BSh"]],[20,true,-4,[6,"746+xKZi5DNrejq0BM1qqf"],[1,0,1,0],[1,2,2,2]]],[0,"91mTXqxfJYVrcqq4z8Z7PG",-1,0],[1,1.3,1.3,1.3]],[5,"Bip01 L Hand",[-8,-9,-10,-11,-12],[0,"a2WNIjj5ZWPZwXay4rdiO4",1,0],[1,0.33998629450798035,-1.4210854397564648e-16,0],[3,-0.16106704987823886,0.02138974839683132,0.23749139345052037,0.9577044022786839],[1,-20.881736566960704,7.550394403188374,26.615613768796226]],[5,"Bip01 R Hand",[-13,-14,-15,-16,-17],[0,"38s0kzBKJaPoiXRo3NXEa9",1,0],[1,0.33998623490333557,-1.5258788721439487e-7,-7.629394360719743e-8],[3,0.16106705097973542,-0.021389759718981077,0.2374913652723417,0.9577044088281805],[1,20.881736474192344,-7.550395038062847,26.615610272456447]],[5,"Bip01 Pelvis",[-18,-19,-20,-21],[0,"07eOvWUkNYFrXrFRbz8OQc",1,0],[1,-0.006792297586798668,0.0000027762048375734594,0.011048750951886177],[3,-0.49999964237200345,-0.5000003576277408,-0.49999964237200345,0.5000003576277408],[1,-89.99991803772996,-90,0]],[5,"Bip01 L Foot",[-22,-23,-24,-25],[0,"66d2cen6ZREKtiGUnyYkyK",1,0],[1,0.1350788176059723,-4.76837147544984e-9,3.814697180359872e-8],[3,-0.010108747682999498,-0.0008633395912950697,-0.08753883235135701,0.9961094421275167],[1,-1.1807030736742772,-0.20306111435311303,-10.042525292138782]],[5,"Bip01 R Foot",[-26,-27,-28,-29],[0,"dfllV7XNxR2KyJWF75/9/J",1,0],[1,0.1350787729024887,1.776356799695581e-17,-3.814697180359872e-8],[3,0.010108802618949133,0.000863325271178312,-0.08753883969730165,0.9961094409368569],[1,1.1807092998300035,0.20306002303715712,-10.04252614289128]],[5,"Bip01 Neck",[-30,-31,-32],[0,"9adv0vxKBYf58nocvWCfRr",1,0],[1,0.5064078569412231,0.04169151186943054,7.185008144006133e-8],[3,-8.674308514623501e-8,2.319905819658283e-7,-0.021898219246514986,0.9997602052461231],[1,-0.000009364477110518308,0.00002638542418025299,-2.5095516790064423]],[9,"Bip01",1,[[[7,"Bip01 Footsteps",-33,[0,"23Sw7zi+Za0JGR1UPMo9Jx",1,0],[1,1.2513047456741333,-0.0000015217852933346876,0.06736373156309128],[3,0.5132635281903596,0.5132631109578424,-0.48637471040000946,-0.4863755448650438],[1,0,266.9184946036704,90]],4],4,1],[0,"28gJK3flpWc5ryO6jT3+nw",1,0],[1,-0.0000027280827907816274,1.24097740650177,-0.011208057403564453],[3,0.01901243626649515,0.0190132204401028,-0.7068507073741327,0.7068515418391593],[1,89.9987108745037,89.99877443787173,-86.91846788634466]],[9,"Bip01 Head",7,[[[3,"Bip01 HeadNub",-34,[0,"4dVfXcTa5cGZJvvZM2ExS9",1,0],[1,0.4828663766384125,0,1.45519149031062e-13]],-35],4,1],[0,"d4fZN6q2ZfjqN6Wz8+4oM4",1,0],[1,0.43831145763397217,-0.0008434295887127519,-1.495209289714694e-9],[3,2.0248066264977854e-8,3.5742706804417224e-7,-0.10258877242040775,0.9947238530231121],[1,0.000006649830931009391,0.000041861188741775204,-11.776526225630242]],[8,"kenshilong",1,[[10,1,-36,[6,"62ynK238hcdp6//J3wBaDu"],[0],[11],1,1,2]],[0,"08xLxZkDpb0ptCNXP7dxG5",1,0],[3,-0.7071067811865476,0,0,0.7071067811865476],[1,-90.00000000000003,0,0]],[2,"Bip01 Spine",4,[-37],[0,"60lLoghepQG7tyyVHESxOl",1,0],[1,0.2866130769252777,0.11899734288454056,7.04603735357523e-8],[3,-0.0000020856044056443034,-7.516999437028526e-7,0.026418338116255102,0.9996509747938329],[1,-0.00023696437913741915,-0.00007990615264026206,3.0276708044643765]],[17,"Bip01 Spine1",11,[7],[0,"80CLl5zH1eeK0c074uBUyf",1,0],[1,0.5805367231369019,-0.0003783416759688407,-1.0494841662378462e-9]],[1,"Bip01 Ponytail1",9,[[7,"Bip01 Ponytail1Nub",-38,[0,"9f3TCdIJFYC5WlHjsBAAqs",1,0],[1,0.1060819998383522,-2.8421708795129297e-16,1.490116086078075e-10],[3,0.7073882676701629,0.7068251826022349,9.802251756246778e-7,-9.810060904973647e-7],[1,0,180.0001589155807,90]]],[0,"47XLk8+ZxeZopQ3/HAHjxZ",1,0],[1,0.4787448048591614,0.08763328194618225,-0.001458680140785873],[3,3.544196934127995e-13,-6.247506574200217e-7,0.2252496439277296,0.974301081755553],[1,0.000017947099429493928,-0.00007762870329171533,26.035117106045693]],[2,"Bip01 L Clavicle",7,[-39],[0,"bcUec+VndRj5e6ZqjCe8L5",1,0],[1,-0.09575264155864716,-0.09429237246513367,0.06266467273235321],[3,0.39368414383364736,0.2290911496655092,0.8866110332482382,0.08031759310010968],[1,-158.75297186837867,-135.6778211159736,18.832343908363526]],[2,"Bip01 L UpperArm",14,[-40],[0,"aaaW4n8tdXLJVgN4eMT1Rq",1,0],[1,0.17505225539207458,0,-3.814697180359872e-8],[3,-0.38171074173360703,0.04382738142017812,-0.4337109668402122,0.8150281391004596],[1,-60.3617903645801,-22.72621447788466,-47.76823252594961]],[2,"Bip01 L Forearm",15,[2],[0,"73FHPUY5FXOZlraTIB+lKD",1,0],[1,0.5891866087913513,3.814697180359872e-8,-3.814697180359872e-8],[3,3.784127869344253e-17,-1.7360138344617532e-17,-0.4169765904921316,0.9089172255940345],[1,4.770831595640179e-15,-2.4783053932871496e-22,-49.28770723429105]],[1,"Bip01 L Finger0",2,[[3,"Bip01 L Finger0Nub",-41,[0,"47SitnO0NbSpp2TakI66iw",1,0],[1,0.08322921395301819,9.53674295089968e-9,1.907348590179936e-8]]],[0,"e1ocxZg9ZdrrvfnNLz3RU+",1,0],[1,0.1352374404668808,0.15291886031627655,-0.07498323172330856],[3,0.7155819082251846,0.6647975577684911,-0.08167819842055897,0.19828114309894643],[1,95.45319005949264,74.88999581387445,66.78667784819272]],[1,"Bip01 L Finger1",2,[[3,"Bip01 L Finger1Nub",-42,[0,"97ITz5C11RQrVdya38j03E",1,0],[1,0.12159973382949829,1.907348590179936e-8,7.105427198782324e-17]]],[0,"bb4bdT/uZQhrajlO6moPdl",1,0],[1,0.11925230175256729,-0.20549346506595612,-0.06381763517856598],[3,0.08174807408635348,0.08390190278176496,-0.7292660323398613,0.6741281607884719],[1,108.3224857262509,108.49835248949735,-75.81742300111593]],[1,"Bip01 L Finger2",2,[[3,"Bip01 L Finger2Nub",-43,[0,"6703XCPmtW7Zt0i44xY8q/",1,0],[1,0.13155288994312286,-8.881783998477905e-18,1.4305114426349519e-8]]],[0,"17869UNChYbb/twukIyx62",1,0],[1,0.11838235706090927,-0.20956330001354218,0.023565692827105522],[3,-0.09377162948176467,-0.09136269285054109,-0.7101376090469061,0.6917834314845767],[1,-95.76024237306937,-95.56333860709033,-74.88148671898972]],[1,"Bip01 L Finger3",2,[[3,"Bip01 L Finger3Nub",-44,[0,"3eh9cXJqBfRYZNP2pbMnc9",1,0],[1,0.09491897374391556,-4.76837147544984e-9,7.629394360719743e-8]]],[0,"efHEhGrvJay6LtVSfBVJ1z",1,0],[1,0.13069036602973938,-0.16195251047611237,0.0980396643280983],[3,-0.23936844169052632,-0.2331960975253922,-0.6751231634932287,0.6576709232864658],[1,-92.38036665212309,-91.84968191151397,-50.93015034503047]],[1,"Bip01 L Finger4",2,[[3,"Bip01 L Finger4Nub",-45,[0,"f8JObB/VtfqIFIg6wTnSrM",1,0],[1,0.09663558751344681,0,7.629394360719743e-8]]],[0,"0dWTuTY3BaN49USIaPQx4G",1,0],[1,0.16774632036685944,-0.02256820723414421,0.11936011910438538],[3,-0.3012089059453718,-0.26184951617421703,-0.6194526401361906,0.676007731085099],[1,-86.00455254866742,-82.52403944277621,-42.825417579582]],[2,"Bip01 R Clavicle",7,[-46],[0,"15wW8Kr0JXA5a9o7qJxCm2",1,0],[1,-0.09575264155864716,-0.09429199248552322,-0.06266520917415619],[3,-0.39368423948495174,-0.22909377590356822,0.8866102128460002,0.08031868960940136],[1,158.7527193819287,135.67786050471193,18.832581466340393]],[2,"Bip01 R UpperArm",22,[-47],[0,"295/eoHthZd5Weod/ZARYw",1,0],[1,0.17505225539207458,7.629394360719743e-8,0],[3,0.38171081749048125,-0.04382741710579984,-0.4337109513305779,0.8150281099548089],[1,60.36179996125831,22.726213660833242,-47.7682311041046]],[2,"Bip01 R Forearm",23,[3],[0,"084kE7xJpSLKQ0j2Cqwjg/",1,0],[1,0.5891866087913513,-7.105427198782324e-17,0],[3,-6.827047619416544e-18,1.8400472562764222e-17,-0.41697663770273385,0.9089172039356077],[1,2.5778866309525446e-16,2.438099618056802e-15,-49.287713186358445]],[1,"Bip01 R Finger0",3,[[4,"Bip01 R Finger0Nub",-48,[0,"068119hwRda7cPQ7j4Ub7H",1,0],[1,0.08322929590940475,-4.76837147544984e-9,5.7220457705398076e-8],[3,-9.313225746154785e-10,-1.2143065986198875e-17,1,3.725290742551124e-9],[1,-0.9999999403953552,-0.9999998807907104,-1],[1,180,179.9999998932783,4.2688687401467185e-7]]],[0,"17XRUVmPxTA6YcB8PawHKl",1,0],[1,0.1352374255657196,0.15291886031627655,0.07498321682214737],[3,0.71558190735425,0.664797556959366,0.0816782132223099,-0.19828114285761844],[1,-95.45319013803996,-74.8899969635761,66.78667666400844]],[1,"Bip01 R Finger1",3,[[4,"Bip01 R Finger1Nub",-49,[0,"58/c5gXv9eaJzj84n9EVjo",1,0],[1,0.12159988284111023,-9.53674295089968e-9,7.105427198782324e-17],[3,-5.238689038122857e-9,-4.6566123179658803e-10,1,-6.367179751735078e-17],[1,-1.0000001192092896,-1.0000001192092896,-1.0000001192092896],[1,179.99999994663918,179.99999939969047,-7.016709661731854e-15]]],[0,"6an1JoRlpe1IlOnTKpSqHC",1,0],[1,0.11925230175256729,-0.20549353957176208,0.06381761282682419],[3,-0.08174807408635348,-0.08390190278176496,-0.7292660323398613,0.6741281607884719],[1,-108.3224857262509,-108.49835248949735,-75.81742300111593]],[1,"Bip01 R Finger2",3,[[4,"Bip01 R Finger2Nub",-50,[0,"1benBKs4xXgL6hicBxgMno",1,0],[1,0.13155288994312286,-4.76837147544984e-9,4.76837147544984e-9],[3,-1.4129909686744213e-8,-4.656612873077393e-10,1,-1.8626450382086546e-9],[1,-1,-1,-1],[1,179.99999994663915,179.9999983808316,-2.134433980866957e-7]]],[0,"28xJcPkY9Ria06yeCr79y/",1,0],[1,0.11838234215974808,-0.209563210606575,-0.023565731942653656],[3,0.09377162948176467,0.09136269285054109,-0.7101376090469061,0.6917834314845767],[1,95.76024237306937,95.56333860709033,-74.88148671898972]],[1,"Bip01 R Finger3",3,[[4,"Bip01 R Finger3Nub",-51,[0,"fahr1wnMFXlIXF8l1CIiX8",1,0],[1,0.09491920471191406,-8.881783998477905e-18,7.629394360719743e-8],[3,2.6426278054714196e-8,-4.5753328370165825e-17,0.9999999999999998,1.8626450382086542e-9],[1,-1,-1,-0.9999999403953552],[1,180,-179.9999969717716,2.1344339884067951e-7]]],[0,"10lrEUrGNahJ/ebDlxlHzm",1,0],[1,0.13069035112857819,-0.16195228695869446,-0.09803962707519531],[3,0.23936840587605343,0.23319606186594838,-0.675123146536347,0.6576709663725713],[1,92.38035968989853,91.84967497302212,-50.93015667651411]],[1,"Bip01 R Finger4",3,[[4,"Bip01 R Finger4Nub",-52,[0,"ecwPqO75hev4PHU9nCVDyw",1,0],[1,0.09663558751344681,4.76837147544984e-9,3.814697180359872e-8],[3,4.307367351685798e-9,-1.951564241346153e-17,1,3.725290742551124e-9],[1,-0.9999999403953552,-0.9999999403953552,-1],[1,180,-179.99999950641205,4.2688687401467185e-7]]],[0,"ef04P2l3RdL7c1j+EEIM8c",1,0],[1,0.16774629056453705,-0.02256820723414421,-0.11936016380786896],[3,0.3012089059453718,0.26184951617421703,-0.6194526401361906,0.676007731085099],[1,86.00455254866742,82.52403944277621,-42.825417579582]],[2,"Bip01 L Thigh",4,[-53],[0,"8csWGoiVFZDYaQ/6m8uFMK",1,0],[1,-3.9100646631595737e-7,4.577636616431846e-7,0.32421770691871643],[3,0.784202924123237,0.6011905599726667,0.1314019992452837,0.07955626305111736],[1,-172.84115718627598,-24.475043201659958,74.54036717919703]],[2,"Bip01 L Calf",30,[-54],[0,"3fKxi+e01UQJfRBpY07fhS",1,0],[1,0.6384397745132446,-7.105427198782324e-17,3.814697180359872e-8],[3,1.8428139448566706e-17,6.7520076221205856e-18,-0.4206769388382096,0.9072105120255791],[1,3.4690987408872426e-15,2.461493654690274e-15,-49.75466568701114]],[2,"Bip01 L HorseLink",31,[5],[0,"8eVCUw9FdRFLWTZUQbWr5B",1,0],[1,0.40910422801971436,-3.552713599391162e-17,-3.814697180359872e-8],[3,-1.3239319695619194e-9,7.564906954551144e-9,0.4061470048619771,0.9138077535464695],[1,-7.323107710023632e-7,0.0000012741195328689647,47.92604871414604]],[1,"Bip01 L Toe0",5,[[4,"Bip01 L Toe0Nub",-55,[0,"e4x4hRqatcCouQcz9XiT7j",1,0],[1,0.07353275269269943,2.38418573772492e-9,7.105427198782324e-17],[3,-9.866198524832726e-9,1.8626449271863521e-9,1,-9.313225746154785e-10],[1,-1,-1.0000001192092896,-1],[1,-179.9999997865566,179.99999886941694,-1.0672170788732404e-7]]],[0,"eash/vOvRfZLkNACod9Hpo",1,0],[1,0.17853935062885284,0.20646755397319794,-0.09855220466852188],[3,-0.09229595332694014,0.09229597567868222,0.701057383483332,0.701057383483332],[1,-89.9999990866222,90.00000091337779,74.99999855153185]],[1,"Bip01 L Toe1",5,[[4,"Bip01 L Toe1Nub",-56,[0,"5bxvXOSYtQAaJvUuvLw5AF",1,0],[1,0.13168640434741974,0,3.814697180359872e-8],[3,6.984919309616089e-9,1.5395669194932938e-17,1,-1.8626450382086546e-9],[1,-1,-1,-1],[1,-180,-179.9999991995872,-2.1344339884067973e-7]]],[0,"758752j8BbgJznBkk3W6/Y",1,0],[1,0.17831820249557495,0.2511162757873535,-0.03190784528851509],[3,-0.05547894611073234,0.055478975913055124,0.704926976975712,0.7049270365803576],[1,-89.99996801056234,89.99997043286605,80.999999613603]],[1,"Bip01 L Toe2",5,[[4,"Bip01 L Toe2Nub",-57,[0,"27fSEYd/tSzK+ihvyq+sLk",1,0],[1,0.08333694189786911,2.38418573772492e-9,0],[3,-8.833013431797099e-9,-1.862645149230957e-9,1,-1.1641540509366166e-10],[1,-0.9999999403953552,-0.9999999403953552,-1],[1,179.9999997865566,179.9999989878112,-1.3340220878996678e-8]]],[0,"fdil2/yBNSe5IALzRI/xGU",1,0],[1,0.17909187078475952,0.24638481438159943,0.03592361509799957],[3,0.04932528670874403,-0.049325253181131776,0.7053843050032079,0.7053843050032079],[1,90.00000136166243,-89.99999863833749,82.0000009213006]],[1,"Bip01 L Toe3",5,[[4,"Bip01 L Toe3Nub",-58,[0,"8a2KyPLVFQO5V63mIkUBEK",1,0],[1,0.10697712004184723,0,3.814697180359872e-8],[3,-1.6298145055770874e-9,1.862645149230957e-9,1,2.3283069916502086e-10],[1,-1,-0.9999999403953552,-0.9999999403953552],[1,-179.9999997865566,179.99999981323703,2.6680432458598504e-8]]],[0,"ab6/bvaHdZDo4nWsJ3kUMv",1,0],[1,0.17909187078475952,0.11849389970302582,0.10196640342473984],[3,0.04008787171630675,-0.04008783446340333,0.7059695802177116,0.7059694610084207],[1,90.00008670196426,-90.00008367855594,83.50000023382464]],[2,"Bip01 R Thigh",4,[-59],[0,"c5hR/0YFdQlKL5DAXwQgNn",1,0],[1,5.10215784288448e-7,-4.577636616431846e-7,-0.32421770691871643],[3,0.7842032243946643,0.6011905020915562,-0.13140167179645248,-0.0795542814247734],[1,172.84061236801855,24.475398371319926,74.54030213255578]],[2,"Bip01 R Calf",37,[-60],[0,"92X1eSwF5XQo8lQJAGr0Xi",1,0],[1,0.6384397745132446,0,0],[3,-1.8428137794205512e-17,-6.752008862891481e-18,-0.4206769388382096,0.9072105120255791],[1,-3.4690985672621416e-15,-2.4614937309038916e-15,-49.75466568701114]],[2,"Bip01 R HorseLink",38,[6],[0,"3c3I8EEPFdqJbE6JfdYh75",1,0],[1,0.4091041684150696,-1.907348590179936e-8,-3.814697180359872e-8],[3,3.971588892836039e-8,-6.80805717497172e-9,0.4061470297482452,0.9138077424856264],[1,0.000006679244534474997,-0.0000038223589622446545,47.926051834885804]],[1,"Bip01 R Toe0",6,[[3,"Bip01 R Toe0Nub",-61,[0,"ffnVhNfQ1UT75waJMF2N81",1,0],[1,0.07353275269269943,-2.38418573772492e-9,0]]],[0,"27f9J2K7dfcK3f/WnsqLod",1,0],[1,0.17853939533233643,0.20646758377552032,0.09855224937200546],[3,0.09229593861618302,-0.09229596841850585,0.7010573849295962,0.7010573849295962],[1,89.99999878216299,-90.0000012178371,75.00000034716489]],[1,"Bip01 R Toe1",6,[[3,"Bip01 R Toe1Nub",-62,[0,"5bMTlmJAZb0LoCT4PXQEsB",1,0],[1,0.13168640434741974,0,-7.105427198782324e-17]]],[0,"76s/MjQqJQJbVriJFCKlzt",1,0],[1,0.17831821739673615,0.25111624598503113,0.031907808035612106],[3,0.055478940077319856,-0.055478969879641404,0.7049270072528755,0.7049270072528755],[1,89.99999878884825,-90.00000121115188,81.00000059438432]],[1,"Bip01 R Toe2",6,[[3,"Bip01 R Toe2Nub",-63,[0,"48cIKneCBefYcLVhrp8B+q",1,0],[1,0.08333694189786911,-2.38418573772492e-9,-3.814697180359872e-8]]],[0,"59ZARNm2tcaKvtwFaS8+rF",1,0],[1,0.1790919303894043,0.24638484418392181,-0.03592365235090256],[3,-0.04932529040684358,0.04932526060452159,0.705384304614363,0.705384304614363],[1,-90.00000121036678,89.99999878963347,82.00000001794297]],[1,"Bip01 R Toe3",6,[[3,"Bip01 R Toe3Nub",-64,[0,"adr6mab6FU9o4rxyIGJDz1",1,0],[1,0.10697709023952484,4.440891999238953e-18,0]]],[0,"a9nxACQf1SX7pQKlTT6EPF",1,0],[1,0.1790919154882431,0.11849389225244522,-0.10196645557880402],[3,-0.04008786427769956,0.040087834475376824,0.7059695208239261,0.7059695208239261],[1,-90.00000120936332,89.99999879063664,83.50000083656978]],[2,"Bip01 Tail",4,[-65],[0,"aftE+OgAJVYaNWQjuB/D4Z",1,0],[1,-0.4089900553226471,0.0373743437230587,-9.727243650559103e-7],[3,-0.0000011012445764564384,-6.911654774626107e-7,0.9991267645910752,0.0417816739262545],[1,179.99992588122132,179.99987679588756,4.7892212743856035]],[2,"Bip01 Tail1",44,[-66],[0,"92c5bdY2Bb1YminBWx7qlP",1,0],[1,0.6029527187347412,-0.00038009643321856856,-1.0544317641247858e-9],[3,3.224982398196771e-14,-4.683448646536092e-8,0.016885800270594883,0.9998574247107531],[1,9.067874016627014e-8,-0.000005369133509113814,1.9350621433009776]],[2,"Bip01 Tail2",45,[-67],[0,"a6ih8fIb1eeIugKw2pt2lc",1,0],[1,0.4775868356227875,-0.0003945159842260182,-1.094595081241323e-9],[3,1.1249373775655504e-13,2.5775562275643276e-8,-0.009293180622980873,0.9999568174645882],[1,2.7466547693778894e-8,0.0000029540446806697967,-1.0649353848132401]],[2,"Bip01 Tail3",46,[-68],[0,"63i0cgp01cDaNB8IpCs7K6",1,0],[1,0.4956375062465668,-0.00030090330983512104,-8.248025595847253e-10],[3,-1.5590600380586298e-8,-1.0060710031956969e-7,0.014547866368109546,0.9998941741925118],[1,-0.000001619329228511231,-0.00001150638436191521,1.6671214962005592]],[1,"Bip01 Tail4",47,[[7,"Bip01 TailNub",-69,[0,"d3FeYwWQZb96+Tbv6Zoabt",1,0],[1,0.4727870225906372,1.5258788721439487e-7,2.91038298062124e-13],[3,0.7073882676701629,0.7068251826022349,9.802254029983488e-7,-9.810062041842e-7],[1,0,180.00015891559912,90]]],[0,"78fVAI825QvbDfmZYEEJ4r",1,0],[1,0.3782137930393219,-0.0003720092645380646,-9.642099341178323e-10],[3,-6.84933357339979e-8,-5.032177362518808e-7,0.07668673279144156,0.9970552366912858],[1,-0.000003444050835913108,-0.0000575699217136896,8.796288292462055]],[8,"outline",1,[[10,1,-70,[6,"98uQbQxbxJM6Ngb1HB7yPA"],[3],[11],1,4,5]],[0,"2cKK0FEG9CsYieUmIm5vlr",1,0],[3,-0.7071067811865476,0,0,0.7071067811865476],[1,-90.00000000000003,0,0]]],0,[0,6,1,0,1,1,0,1,1,0,1,1,0,-1,10,0,-2,8,0,-3,49,0,-1,17,0,-2,18,0,-3,19,0,-4,20,0,-5,21,0,-1,25,0,-2,26,0,-3,27,0,-4,28,0,-5,29,0,-1,11,0,-2,30,0,-3,37,0,-4,44,0,-1,33,0,-2,34,0,-3,35,0,-4,36,0,-1,40,0,-2,41,0,-3,42,0,-4,43,0,-1,9,0,-2,14,0,-3,22,0,0,8,0,0,9,0,-2,13,0,1,10,0,-1,12,0,0,13,0,-1,15,0,-1,16,0,0,17,0,0,18,0,0,19,0,0,20,0,0,21,0,-1,23,0,-1,24,0,0,25,0,0,26,0,0,27,0,0,28,0,0,29,0,-1,31,0,-1,32,0,0,33,0,0,34,0,0,35,0,0,36,0,-1,38,0,-1,39,0,0,40,0,0,41,0,0,42,0,0,43,0,-1,45,0,-1,46,0,-1,47,0,-1,48,0,0,48,0,1,49,0,7,1,2,0,16,3,0,24,4,0,8,5,0,32,6,0,39,7,0,12,70],[0,0,0,0,0,0,0,0,0,0,0],[-1,2,3,-1,2,3,-1,-2,-3,-4,-5],[4,0,1,5,0,1,6,7,8,9,10]]]]
