[1,["54NmD10zZF3blWfivDi/Ov@f8289","54NmD10zZF3blWfivDi/Ov@438fe","54NmD10zZF3blWfivDi/Ov@32735","1eA8oB4ztLT5NC3g1bKoxG","ae0yY4DqRF0ZSR+xt0Frk9@8a22c","893ddv+GdIzZ6zxZd8dUcz@05e57","7b2P2lQe1Nv4xna71AZF2j@81e2e","b13cntCL1I24c80cgpLPev@ebb6c","bc8HoI6clC/6RLtMkKxWSj@938d1","54NmD10zZF3blWfivDi/Ov@ab932","1brw/JvvpFnIvdrxpFCgMZ"],["_parent","node","_mesh","_skeleton","root","data","mainTexture","_effectAsset"],[["cc.Node",["_name","_objFlags","_prefab","_lrot","_euler","_parent","_lpos","_children","_components","_lscale"],1,4,5,5,1,5,2,9,5],["cc.Prefab",["_name"],2],["cc.Node",["_name","_parent","_children","_prefab","_lpos","_lrot","_euler"],2,1,12,4,5,5,5],["cc.Node",["_name","_parent","_children","_prefab","_lpos","_lrot","_euler"],2,1,9,4,5,5,5],["cc.SkeletalAnimation",["node","__prefab","_clips"],3,1,4,3],["cc.CompPrefabInfo",["fileId"],2],["c20db9gKGVMM6j6TBE2jgkc",["node","__prefab"],3,1,4],["cc.BoxCollider",["_isTrigger","node","__prefab","_center","_size"],2,1,4,5,5],["cc.PrefabInfo",["fileId","root","asset"],2,1,1],["cc.SkinnedMeshRenderer",["_shadowCastingMode","node","__prefab","_materials","lightmapSettings","_skinningRoot","_mesh","_skeleton"],2,1,4,3,4,1,6,6],["cc.ModelLightmapSettings",[],3],["cc.Material",["_name","_states","_defines","_props"],0,12],["cc.Skeleton",["_name","_hash","_joints","_bindposes"],0,12],["cc.Mesh",["_native","_hash","_struct"],1,11]],[[8,0,1,2,2],[0,0,5,7,2,6,3,4,2],[3,0,1,2,3,4,5,6,2],[5,0,2],[0,0,5,2,6,2],[0,0,5,2,6,3,4,2],[0,0,7,2,6,3,4,2],[0,0,5,8,2,3,4,2],[0,0,5,2,6,3,9,4,2],[2,0,1,2,3,4,5,6,2],[9,0,1,2,3,4,5,6,7,2],[10,1],[1,0,2],[0,0,1,7,8,2,3],[0,0,5,7,2,3,4,2],[4,0,1,2,1],[6,0,1,1],[7,0,1,2,3,4,2],[11,0,1,2,3,4],[12,0,1,2,3,4],[13,0,1,2,3]],[[[[12,"yichilong_3"],[13,"yichilong_3",512,[-5,-6,-7],[[15,-2,[3,"e3Ja3zxWtekI1kuYCbMrVh"],[6,7,8,9,10]],[16,-3,[3,"44qAFKR8BFjKaMaCEEK+vc"]],[17,true,-4,[3,"746+xKZi5DNrejq0BM1qqf"],[1,0,1,0],[1,2,2,2]]],[0,"ecB3uHn+pd0bSq7XzPZdVH",-1,0]],[6,"Bip01 Spine",[-8,-9,-10,-11,-12],[0,"a0dXd9JptVS50hFSQJjhxV",1,0],[1,0.3285443186759949,-0.0005279540782794356,7.78787011768145e-7],[3,-0.000002062414275368029,-6.760383189248071e-7,-0.024732745933652787,0.9996940988491784],[1,-0.00023847072459577806,-0.00008339183042759542,-2.834452942066637]],[6,"Bip01 Neck",[-13,-14,-15],[0,"f3GLYGRrJWzKL1Xq97xJeZ",1,0],[1,0.534152090549469,-0.03266838192939758,4.4543558175291764e-8],[3,2.40772446865432e-14,-6.308470041292032e-9,0.002274500385084059,0.9999974133206537],[1,1.6470065365316852e-9,-7.22903033136854e-7,0.26063876986207385]],[9,"Bip01",1,[[[5,"Bip01 Footsteps",-16,[0,"29QU1mLh9d56Hs65X5Vh4/",1,0],[1,0.661145806312561,0,0],[3,-0.4999997019766873,-0.5000002980231351,0.4999997019766873,0.5000002980231351],[1,0,-89.9999316981083,90]],-17],4,1],[0,"4f91QomfJT6JqJprjyGgz1",1,0],[1,3.0886447177636e-8,0.6652701497077942,-0.7065996527671814],[3,-4.2146849221429294e-7,4.2146849221429294e-7,-0.7071067811864219,0.7071067811864219],[1,0,0.00006830189285160323,-90]],[9,"Bip01 Head",3,[[[4,"Bip01 HeadNub",-18,[0,"d37YUsCDxT6boMry5TrVx/",1,0],[1,0.8251214623451233,1.4210854397564648e-16,-1.45519149031062e-13]],-19],4,1],[0,"d5jNZcm9dbHLT3C/J9Jw9v",1,0],[1,0.16266204416751862,-0.10931587219238281,1.8137507051818602e-9],[3,3.738905053314604e-13,-1.5123360616921716e-7,0.054525434681822034,0.9985123819826851],[1,9.506261951314019e-7,-0.00001740782420752228,6.251254700676491]],[7,"yichilong_3",1,[[10,1,-20,[3,"10Dtny6VVbmL8ivQcrFQxC"],[0],[11],1,1,2]],[0,"8aPqPuz9BbMLL+ahQWcHv3",1,0],[3,-0.7071067811865476,0,0,0.7071067811865476],[1,-90.00000000000003,0,0]],[14,"Bip01 Pelvis",4,[2],[0,"26dxObocxSwpyJ3uI578V3",1,0],[3,-0.49999964237200345,-0.5000003576277408,-0.49999964237200345,0.5000003576277408],[1,-89.99991803772996,-90,0]],[1,"Bip01 Spine1",2,[3],[0,"3cwgKlmrFWG5hdtITh9Srr",1,0],[1,0.6637858748435974,-0.0004335785051807761,-1.2028613660675092e-9],[3,-1.0951351155028315e-13,1.0377023176340766e-7,-0.03741352204888522,0.9992998690922995],[1,4.461278115315493e-7,0.000011916226769653232,-4.288274651502722]],[2,"Bip01 Ponytail1",5,[[5,"Bip01 Ponytail1Nub",-21,[0,"3ft7A1Q8VRR4QkX8ZJshwz",1,0],[1,0.531868040561676,-7.629394360719743e-8,7.450580430390374e-11],[3,0.7073882676701629,0.7068251826022349,9.802254029983488e-7,-9.810065452447065e-7],[1,0,180.00015891565437,90]]],[0,"56jAzil7Vc0pznmWPNA2Bc",1,0],[1,0.12777915596961975,0.12938888370990753,-0.0008671383839100599],[3,-0.0000031962597216683235,-0.0000010632712638980638,0.22590190039562025,0.9741500558878496],[1,-0.00036669863801129044,-0.00004003899847064222,26.11183761657723]],[1,"Bip01 L Clavicle",3,[-22],[0,"87+FAQeDFV9IPEXWUQ1uQC",1,0],[1,-0.2968297302722931,-0.011245498433709145,0.22866888344287872],[3,0.7334347301943074,0.1903752220597341,0.6096932237665402,0.23260469527435157],[1,172.41778423550124,-77.13273494024918,34.255939512015004]],[1,"Bip01 L UpperArm",10,[-23],[0,"2eiYv3Zz1R/pqlZ/73nsVZ",1,0],[1,0.19110174477100372,1.4210854397564648e-16,3.814697180359872e-8],[3,-0.2744232693989187,0.5008509122244784,0.10495609712879453,0.8141403138352794],[1,-33.70946554506076,61.388928754588235,-5.96911233879788]],[1,"Bip01 L Forearm",11,[-24],[0,"781TOPbPpQ5LVPTOZH1rcB",1,0],[1,0.31554490327835083,-3.814697180359872e-8,-7.629394360719743e-8],[3,7.648245715074513e-17,-3.572636787007982e-17,-0.5664129926582377,0.8241215454943154],[1,1.3684680399752312e-14,4.43774417282935e-15,-69.00093936124672]],[1,"Bip01 L Hand",12,[-25],[0,"48sUQv5i9VaKIBn8+guqmW",1,0],[1,0.34163588285446167,1.907348590179936e-8,0],[3,-0.30943467661403407,0.01910943876410138,0.09999815941388392,0.9454551170588293],[1,-36.75621887708443,5.715979941162878,10.2102785635546]],[1,"Bip01 L Finger0",13,[-26],[0,"9dEz2rfmdZ+JbjCyZDwqIq",1,0],[1,0.08785533159971237,-0.003253936767578125,-0.014366683550179005],[3,0.014692637177791795,-0.032592374919555044,-0.5129470839063386,0.8576754354776919],[1,-0.996507592036133,-4.9482266611927574,-61.74409628415222]],[2,"Bip01 L Finger01",14,[[4,"Bip01 L Finger0Nub",-27,[0,"ef4VvqvHZeB6Db0ep+94aj",1,0],[1,0.06505130976438522,9.53674295089968e-9,-7.105427198782324e-17]]],[0,"d5Wbqrp21Um7V+72KbSD6s",1,0],[1,0.06869819760322571,3.552713599391162e-17,3.814697180359872e-8],[3,-3.1622833332022876e-9,2.4143975777194207e-9,-0.2891257413614745,0.9572911290104895],[1,-3.204829275049184e-7,1.9221918281172375e-7,-33.611245354066554]],[1,"Bip01 R Clavicle",3,[-28],[0,"185dk9YwFegalnVa4UmErL",1,0],[1,-0.2968297302722931,-0.011244278401136398,-0.22866922616958618],[3,0.7334340570765819,0.1903769013571323,-0.6096927324096315,-0.23260673119391723],[1,-172.41769937037682,77.13269255531057,34.256248752797944]],[1,"Bip01 R UpperArm",16,[-29],[0,"6evsG884lfq6ZIa3Com0bb",1,0],[1,0.19110168516635895,0,7.105427198782324e-17],[3,0.2744233240856581,-0.5008509032487941,0.10495611014905072,0.8141402992451763],[1,33.709472057264314,-61.38892782908977,-5.969114165870813]],[1,"Bip01 R Forearm",17,[-30],[0,"2cfleg9EJcTaqfWlAscPng",1,0],[1,0.3155449628829956,-3.814697180359872e-8,7.629394360719743e-8],[3,4.574792912742788e-17,-3.144223398607828e-17,-0.5664129926582377,0.8241215454943154],[1,6.361108218306793e-15,-3.2662185187938155e-22,-69.00093936124672]],[1,"Bip01 R Hand",18,[-31],[0,"5fJO3Q9TZXNIIlw1Xh0p3J",1,0],[1,0.34163594245910645,0,0],[3,0.30943467661403407,-0.01910943876410138,0.09999815941388392,0.9454551170588293],[1,36.75621887708443,-5.715979941162878,10.2102785635546]],[1,"Bip01 R Finger0",19,[-32],[0,"c9R62sdu5TJoXArNqBfPJA",1,0],[1,0.08785531669855118,-0.0032538985833525658,0.014366645365953445],[3,-0.014692637177791795,0.032592374919555044,-0.5129470839063386,0.8576754354776919],[1,0.996507592036133,4.9482266611927574,-61.74409628415222]],[2,"Bip01 R Finger01",20,[[8,"Bip01 R Finger0Nub",-33,[0,"68LYg9x9NfzKwYsncpI5i6",1,0],[1,0.06505130976438522,-4.76837147544984e-9,-3.814697180359872e-8],[3,-9.313225746154785e-9,-7.979727989493313e-17,1,-7.450580596923828e-9],[1,-1,-1,-1.0000001192092896],[1,180,179.99999893278294,-8.537736462515938e-7]]],[0,"b6paRHtv1UOYXCvpw5O8zO",1,0],[1,0.06869819760322571,-1.907348590179936e-8,-1.4210854397564648e-16],[3,8.734940573826551e-10,-9.992545486550978e-9,-0.2891257413614745,0.9572911290104895],[1,-2.8247244780693933e-7,-0.0000012814611821360264,-33.611245354066554]],[1,"Bip01 L Thigh",2,[-34],[0,"23TkiIDLNWSb/AXPLzOxSH",1,0],[1,-0.32816848158836365,-0.015720214694738388,0.3139233887195587],[3,0.9505196723103986,0.27246156086457146,0.1473614113008022,-0.02369946964828588],[1,-171.6146898163689,-19.933005003746587,30.72882067769113]],[1,"Bip01 L Calf",22,[-35],[0,"8c2Y7BU/ZXvoQRa8qZ+RAA",1,0],[1,0.48899340629577637,1.907348590179936e-8,-7.629394360719743e-8],[3,8.658853169624247e-18,-1.0845151947250295e-17,-0.7814754370853141,0.6239360073215181],[1,-180,180,-77.20827152514953]],[1,"Bip01 L HorseLink",23,[-36],[0,"2cFiD2YLFU5Io0ZJufBoRL",1,0],[1,0.28657227754592896,-3.814697180359872e-8,3.814697180359872e-8],[3,2.075199528237262e-8,-2.715204898078249e-9,0.41979067718556584,0.907620949156686],[1,0.000003534759799541028,-0.0000019776964975871552,49.64274554612682]],[1,"Bip01 L Foot",24,[-37],[0,"1em+7vlyFRtYVU/ol/UHc3",1,0],[1,0.14359451830387115,3.814697180359872e-8,0],[3,-0.041347031518897646,-0.06346005350010547,-0.06766607770895919,0.9948289031395419],[1,-5.2570865573847785,-7.641662426886393,-7.434030432878198]],[2,"Bip01 L Toe0",25,[[8,"Bip01 L Toe0Nub",-38,[0,"6ee+XiYwhVIKJAemPG7ceb",1,0],[1,0.07854966819286346,0,-7.105427198782324e-17],[3,-1.0593793398072648e-8,1.8626449271863521e-9,1,-4.149986639874466e-17],[1,-1.0000001192092896,-1.0000001192092896,-1],[1,-179.9999997865566,179.9999987860407,-7.016709524733719e-15]]],[0,"2dhpjfr+BZ066GufikyRz3",1,0],[1,0.07526817172765732,0.10846929252147675,0],[3,0.019498386933011293,0.018592208224720495,0.7074412551629924,0.7062584606174636],[1,144.0864581879212,-140.99966059167156,89.87926585242285]],[1,"Bip01 R Thigh",2,[-39],[0,"0eoHqUYXJVtIQRXLKL+NwJ",1,0],[1,-0.32816848158836365,-0.015718460083007812,-0.313924103975296],[3,0.950519748011996,0.2724619827111965,-0.14736056443015774,0.023696849307888488],[1,171.6150382387351,19.932816404801695,30.7289310313219]],[1,"Bip01 R Calf",27,[-40],[0,"c7cdkunHJdNojYu7tcweqd",1,0],[1,0.48899340629577637,1.907348590179936e-8,3.814697180359872e-8],[3,-2.5976557027330864e-17,3.2535452533028386e-17,-0.7814754370853141,0.6239360073215181],[1,180,-180,-77.20827152514953]],[1,"Bip01 R HorseLink",28,[-41],[0,"deu9f0w1BQUKtF7Zut+Z9g",1,0],[1,0.28657227754592896,0,7.629394360719743e-8],[3,-2.9078138818012674e-8,2.968673065762843e-9,0.41979065263513415,0.9076209605116924],[1,-0.000004890882148266912,0.0000026369283962745236,49.64274244651539]],[1,"Bip01 R Foot",29,[-42],[0,"01b6t8/ppWbJ/763qSG8Gq",1,0],[1,0.14359451830387115,-3.814697180359872e-8,3.814697180359872e-8],[3,0.04134707618505707,0.06346003854165672,-0.06766607764787506,0.9948289022414809],[1,5.257091588669394,7.641661032510449,-7.434030162742321]],[2,"Bip01 R Toe0",30,[[4,"Bip01 R Toe0Nub",-43,[0,"0eaN4rK7FRU7L4pieyvbqC",1,0],[1,0.07854969054460526,0,7.629394360719743e-8]]],[0,"06yGjSsNBf2Kng7eSLxbGB",1,0],[1,0.07526817172765732,0.10846931487321854,-3.814697180359872e-8],[3,-0.019498390655534714,-0.018592211947372504,0.7074412550626074,0.7062584605172464],[1,-144.08645848966276,140.99966028992208,89.87926585242889]],[1,"Bip01 Tail",2,[-44],[0,"b99RSnJ29cEZJ1jiogK1zh",1,0],[1,-0.6605033278465271,0.10749077051877975,-2.2866515791974962e-8],[3,-8.548889920333821e-7,-0.0000016077226727616918,0.9997101555862724,0.024074983164178637],[1,179.99981796939835,179.9999063921896,2.759056425311996]],[1,"Bip01 Tail1",32,[-45],[0,"46UZFCYKBVgrBb7uPZyn1w",1,0],[1,0.5620893836021423,-0.0006469726795330644,-2.470333049231499e-9],[3,5.16313672411112e-7,4.258036853098633e-7,0.012773046526416273,0.999918421313452],[1,0.000058556227281098205,0.00004804948653725622,1.4637231180868304]],[2,"Bip01 Tail2",33,[[5,"Bip01 TailNub",-46,[0,"35+L1mmj5R+p/b8YPDZTr6",1,0],[1,0.9928795099258423,7.629394360719743e-8,5.82076596124248e-13],[3,0.7073882378915716,0.706825212404548,9.80225103267686e-7,-9.810061318601392e-7],[1,0,180.0001589155941,90]]],[0,"d1XPaWRQBWFbCaF9/yzXk2",1,0],[1,0.8127044439315796,-0.0007900238269940019,-2.1798769456182754e-9],[3,-5.272736133183764e-9,1.4682246118775472e-7,-0.01873816774284537,0.9998244251215406],[1,-2.890454952691966e-7,0.00001682215209189653,-2.1473615306641594]],[1,"Bone001",2,[-47],[0,"ad3IiMH5ZSw75g0L8oZbda",1,0],[1,0.3816817104816437,-0.4880392551422119,-0.000002517700295356917],[3,0.7284944690710944,-0.6850516831093592,-0.0000010905598684285067,-8.182545953733415e-7],[1,-179.99749354207714,0.0025285328199107855,-86.47934373255747]],[2,"Bone002",35,[[4,"Bone003",-48,[0,"94zuXbQ4JaMJ+SNgXA+3g9",1,0],[1,0.8063153028488159,-0.000002059936605292023,-9.854342408743832e-8]]],[0,"32KRPFzP1fA6ayIbUteuy+",1,0],[1,0.7212805151939392,5.841255301675119e-7,4.503235828678953e-8],[3,-2.7594103528636624e-7,-7.324311513771453e-8,0.10553950881716945,0.9944151105441577],[1,-0.000031254378026368735,-0.0000051230828979320965,12.116501704622737]],[7,"outline",1,[[10,1,-49,[3,"abbLVVPkFK/IXitfYbgxuE"],[3],[11],1,4,5]],[0,"51/NUeLMNI2rz31SUvqOMa",1,0],[3,-0.7071067811865476,0,0,0.7071067811865476],[1,-90.00000000000003,0,0]]],0,[0,4,1,0,1,1,0,1,1,0,1,1,0,-1,6,0,-2,4,0,-3,37,0,-1,8,0,-2,22,0,-3,27,0,-4,32,0,-5,35,0,-1,5,0,-2,10,0,-3,16,0,0,4,0,-2,7,0,0,5,0,-2,9,0,1,6,0,0,9,0,-1,11,0,-1,12,0,-1,13,0,-1,14,0,-1,15,0,0,15,0,-1,17,0,-1,18,0,-1,19,0,-1,20,0,-1,21,0,0,21,0,-1,23,0,-1,24,0,-1,25,0,-1,26,0,0,26,0,-1,28,0,-1,29,0,-1,30,0,-1,31,0,0,31,0,-1,33,0,-1,34,0,0,34,0,-1,36,0,0,36,0,1,37,0,5,1,2,0,7,3,0,8,49],[0,0,0,0,0,0,0,0,0,0,0],[-1,2,3,-1,2,3,-1,-2,-3,-4,-5],[2,0,1,3,0,1,4,5,6,7,8]],[[[18,"yichilong_3",[{"rasterizerState":{},"blendState":{"targets":[{}]},"depthStencilState":{}}],[{"USE_ALBEDO_MAP":true}],[[[{"metallic":0.4000000059604645,"roughness":0.7071067690849304},"mainTexture",6,0]],11]]],0,0,[0,0],[6,7],[9,10]],[[[19,"Skin-0",3990070938,["Bip01/Bip01 Pelvis/Bip01 Spine/Bip01 Spine1/Bip01 Neck/Bip01 Head","Bip01/Bip01 Pelvis/Bip01 Spine/Bip01 Spine1/Bip01 Neck","Bip01/Bip01 Pelvis/Bip01 Spine/Bip01 Spine1","Bip01/Bip01 Pelvis/Bip01 Spine/Bone001","Bip01/Bip01 Pelvis/Bip01 Spine/Bone001/Bone002","Bip01/Bip01 Pelvis/Bip01 Spine/Bip01 Tail","Bip01/Bip01 Pelvis","Bip01/Bip01 Pelvis/Bip01 Spine/Bip01 Spine1/Bip01 Neck/Bip01 Head/Bip01 Ponytail1","Bip01/Bip01 Pelvis/Bip01 Spine/Bip01 Spine1/Bip01 Neck/Bip01 L Clavicle/Bip01 L UpperArm","Bip01/Bip01 Pelvis/Bip01 Spine/Bip01 Spine1/Bip01 Neck/Bip01 L Clavicle/Bip01 L UpperArm/Bip01 L Forearm","Bip01/Bip01 Pelvis/Bip01 Spine","Bip01/Bip01 Pelvis/Bip01 Spine/Bip01 L Thigh","Bip01/Bip01 Pelvis/Bip01 Spine/Bip01 L Thigh/Bip01 L Calf","Bip01/Bip01 Pelvis/Bip01 Spine/Bip01 Tail/Bip01 Tail1","Bip01/Bip01 Pelvis/Bip01 Spine/Bip01 Tail/Bip01 Tail1/Bip01 Tail2","Bip01/Bip01 Pelvis/Bip01 Spine/Bip01 L Thigh/Bip01 L Calf/Bip01 L HorseLink","Bip01/Bip01 Pelvis/Bip01 Spine/Bip01 L Thigh/Bip01 L Calf/Bip01 L HorseLink/Bip01 L Foot","Bip01/Bip01 Pelvis/Bip01 Spine/Bip01 Spine1/Bip01 Neck/Bip01 L Clavicle","Bip01/Bip01 Pelvis/Bip01 Spine/Bip01 Spine1/Bip01 Neck/Bip01 L Clavicle/Bip01 L UpperArm/Bip01 L Forearm/Bip01 L Hand","Bip01/Bip01 Pelvis/Bip01 Spine/Bip01 Spine1/Bip01 Neck/Bip01 R Clavicle/Bip01 R UpperArm","Bip01/Bip01 Pelvis/Bip01 Spine/Bip01 Spine1/Bip01 Neck/Bip01 R Clavicle/Bip01 R UpperArm/Bip01 R Forearm","Bip01/Bip01 Pelvis/Bip01 Spine/Bip01 R Thigh","Bip01/Bip01 Pelvis/Bip01 Spine/Bip01 R Thigh/Bip01 R Calf","Bip01/Bip01 Pelvis/Bip01 Spine/Bip01 R Thigh/Bip01 R Calf/Bip01 R HorseLink","Bip01/Bip01 Pelvis/Bip01 Spine/Bip01 R Thigh/Bip01 R Calf/Bip01 R HorseLink/Bip01 R Foot","Bip01/Bip01 Pelvis/Bip01 Spine/Bip01 Spine1/Bip01 Neck/Bip01 R Clavicle/Bip01 R UpperArm/Bip01 R Forearm/Bip01 R Hand"],[[[7,0.0000011920288898181752,-0.000002760891447906033,1,0,-0.9999431371688843,-0.010660862550139427,0.0000011625277238636045,0,0.010660862550139427,-0.9999431371688843,-0.000002773442702164175,0,-0.9691257476806641,0.9153921604156494,8.375918696401641e-7,1],[7,0.0000011835535360660288,-0.0000026311688543501077,1,0,-0.9928367137908936,-0.1194799467921257,8.607033237240103e-7,0,0.1194799467921257,-0.9928367137908936,-0.0000027537314508663258,0,-0.900377094745636,0.6951066255569458,5.316159104040707e-7,1],[7,0.000001182893470286217,-0.0000026257864647050155,1,0,-0.9922829270362854,-0.1239951029419899,8.481801501147856e-7,0,0.1239951029419899,-0.9922829270362854,-0.0000027521955416887067,0,-0.36937782168388367,0.6583352088928223,5.647796683660999e-7,1],[7,7.261540702074853e-8,-7.196808269327448e-7,-1,0,-0.011976241134107113,0.9999281764030457,-7.204989742604084e-7,0,0.9999281764030457,0.011976241134107113,6.399113772204146e-8,0,-1.1717791557312012,-0.03501033037900925,1.2207832966737442e-8,1],[7,-1.6748876419114822e-7,-1.5464341629467526e-7,-1,0,0.19817562401294708,0.9801663756370544,-1.8476852403637167e-7,0,0.9801663756370544,-0.19817562401294708,-1.3352034500258014e-7,0,-1.858236312866211,0.36312252283096313,3.3452340630901745e-7,1],[7,-0.0000029517977964133024,-6.014844302626443e-7,1,0,0.9952384233474731,0.09747017174959183,0.0000029963696306367638,0,-0.09747017174959183,0.9952384233474731,3.1090817742551735e-7,0,-0.976271390914917,-0.6239048838615417,-0.00000296644248010125,1],[7,6.123234262925839e-17,0.0000013868001360606286,1,0,-1,-6.123225660247469e-17,6.12324220385972e-17,0,6.123234262925839e-17,-1,0.0000013868001360606286,0,0.7065996527671814,0.665270209312439,-0.000001019013666336832,1],[7,5.517336489901936e-7,-0.000009570606380293611,1,0,-0.9025777578353882,0.4305269122123718,0.0000046183863560145255,0,-0.4305269122123718,-0.9025777578353882,-0.00000840068059915211,0,-0.6390116810798645,1.1885560750961304,0.0008762261713854969,1],[7,0.4536568224430084,0.16583934426307678,0.8756099939346313,0,0.7109821438789368,0.5250373482704163,-0.4678037464618683,0,-0.5373083353042603,0.8347652554512024,0.12027794122695923,0,0.5868369340896606,-0.32803764939308167,-0.678928792476654,1],[7,0.007743744179606438,0.48295652866363525,0.8756101131439209,0,-0.2353854924440384,0.8519116640090942,-0.46780359745025635,0,-0.9718712568283081,-0.20248335599899292,0.12027794867753983,0,0.40346959233283997,0.13572143018245697,-0.678928792476654,1],[7,0.0000011906346344403573,-0.000002714650918278494,1,0,-0.9987766146659851,-0.04945036396384239,0.0000010549374565016478,0,0.04945036396384239,-0.9987766146659851,-0.0000027702069473889424,0,0.3446688652038574,0.6836786270141602,6.350723538162129e-7,1],[7,0.2930538058280945,0.035249970853328705,-0.9554458856582642,0,-0.832377552986145,-0.48224973678588867,-0.2730983793735504,0,-0.470390260219574,0.8753242492675781,-0.11198385059833527,0,0.8090980648994446,-0.25263527035713196,0.5674080848693848,1],[7,-0.09925945103168488,0.27797597646713257,-0.9554459452629089,0,0.654575765132904,-0.7049453258514404,-0.27309831976890564,0,-0.7494518756866455,-0.6525193452835083,-0.11198384314775467,0,0.175491601228714,0.3680955171585083,0.5674080848693848,1],[7,-0.0000038045470773795387,5.17532782851049e-7,1,0,0.9974034428596497,0.07201599329710007,0.0000037573979625449283,0,-0.07201599329710007,0.9974034428596497,-7.901772391960549e-7,0,-1.5537793636322021,-0.5837585926055908,-0.000003657474053397891,1],[7,-0.000004114663624932291,3.5856808722201094e-7,1,0,0.9940046668052673,0.10933788865804672,0.000004050789357279427,0,-0.10933788865804672,0.9940046668052673,-8.063069003583223e-7,0,-2.3429784774780273,-0.6712307929992676,-0.000004353483745944686,1],[7,0.14754803478717804,0.25564146041870117,-0.9554459452629089,0,-0.11331193894147873,-0.9552893042564392,-0.2730981707572937,0,-0.9825425744056702,0.14855852723121643,-0.11198384314775467,0,0.20856626331806183,0.3230067789554596,0.5674079656600952,1],[7,-0.014052096754312515,0.3434610962867737,-0.9390617609024048,0,-0.02377251535654068,-0.9390038251876831,-0.3430841565132141,0,-0.9996185898780823,0.017502808943390846,0.02135990746319294,0,0.09687945991754532,0.2862270772457123,0.5824045538902283,1],[7,0.8057748079299927,0.573343813419342,-0.14833693206310272,0,-0.24999774992465973,0.10223909467458725,-0.96283358335495,0,-0.5368687510490417,0.8129109144210815,0.22571636736392975,0,0.10225282609462738,-0.7071795463562012,-0.6363439559936523,1],[7,0.007365413475781679,-0.1297292560338974,0.9915221333503723,0,-0.03364095464348793,0.9909555315971375,0.12990504503250122,0,-0.9994068741798401,-0.034312549978494644,0.0029345813672989607,0,0.1511586457490921,0.48924893140792847,-0.470079243183136,1],[7,-0.45365849137306213,-0.16584058105945587,0.8756088614463806,0,0.7109810709953308,0.5250369310379028,0.46780580282211304,0,-0.5373083353042603,0.8347652554512024,-0.12027793377637863,0,0.5868381261825562,-0.32803723216056824,0.6789265275001526,1],[7,-0.0077431825920939445,-0.4829585552215576,0.8756089806556702,0,-0.23538552224636078,0.8519105315208435,0.4678056240081787,0,-0.9718712568283081,-0.2024833709001541,-0.12027794122695923,0,0.40346962213516235,0.13572268187999725,0.6789265275001526,1],[7,-0.29305168986320496,-0.03524874150753021,-0.9554466009140015,0,-0.8323783278465271,-0.4822498559951782,0.27309590578079224,0,-0.47039029002189636,0.8753242492675781,0.11198384314775467,0,0.8090987205505371,-0.2526351809501648,-0.567406177520752,1],[7,0.09925778210163116,-0.2779741585254669,-0.9554466009140015,0,0.6545760035514832,-0.7049460411071777,0.27309587597846985,0,-0.7494518756866455,-0.6525193452835083,0.11198384314775467,0,0.17549139261245728,0.36809608340263367,-0.5674061179161072,1],[7,-0.14754775166511536,-0.25563907623291016,-0.9554466605186462,0,-0.11331231147050858,-0.9552900195121765,0.2730957567691803,0,-0.9825425744056702,0.14855854213237762,0.11198383569717407,0,0.2085665613412857,0.3230073153972626,-0.5674061179161072,1],[7,0.014052152633666992,-0.343458890914917,-0.9390625953674316,0,-0.023772481828927994,-0.93900465965271,0.34308192133903503,0,-0.9996185898780823,0.017502808943390846,-0.02135990560054779,0,0.09687943011522293,0.28622767329216003,-0.5824027061462402,1],[7,-0.007365331519395113,0.12972675263881683,0.9915224313735962,0,-0.03364098444581032,0.9909558892250061,-0.12990254163742065,0,-0.9994068741798401,-0.03431256487965584,-0.002934582531452179,0,0.1511586606502533,0.4892485439777374,0.4700767993927002,1]],8,8,8,8,8,8,8,8,8,8,8,8,8,8,8,8,8,8,8,8,8,8,8,8,8,8]]],0,0,[],[],[]],[[[20,".bin",250424883,[{"primitives":[{"primitiveMode":7,"jointMapIndex":0,"vertexBundelIndices":[0],"indexView":{"offset":294264,"length":70116,"count":17529,"stride":4}}],"vertexBundles":[{"view":{"offset":0,"length":294264,"count":4087,"stride":72},"attributes":[{"name":"a_position","format":32,"isNormalized":false},{"name":"a_normal","format":32,"isNormalized":false},{"name":"a_texCoord","format":21,"isNormalized":false},{"name":"a_tangent","format":44,"isNormalized":false},{"name":"a_joints","format":42,"isNormalized":false},{"name":"a_weights","format":44,"isNormalized":false}]}],"jointMaps":[[0,1,2,3,4,5,6,7,8,9,10,11,12,13,14,15,16,18,19,20,21,22,23,24,25]]},"minPosition",8,[1,-0.8279638886451721,-1.879179835319519,-0.010522697120904922],"maxPosition",8,[1,0.8279663324356079,3.3876357078552246,2.698793649673462]]],-1],0,0,[],[],[]]]]
