[1,["88bcw10sVHKqj0EmYsQ4iz@659de","88bcw10sVHKqj0EmYsQ4iz@81337","88bcw10sVHKqj0EmYsQ4iz@438fe","1eA8oB4ztLT5NC3g1bKoxG","fantTRMEJALIU92t2+J26R@8a22c","0cl/inIWZMNoBreg6lkWSu@05e57","4e1vnxbstPQaxi0l0FawFb@81e2e","41TgtdJ05Da4G0RownssNi@ebb6c","be87/uRQpP0qZ41yvA9YfU@938d1","88bcw10sVHKqj0EmYsQ4iz@f2be2","1brw/JvvpFnIvdrxpFCgMZ"],["_parent","node","_mesh","_skeleton","root","data","mainTexture","_effectAsset"],[["cc.Node",["_name","_prefab","_lrot","_euler","_parent","_lpos","_children","_components","_lscale"],2,4,5,5,1,5,2,9,5],["cc.Prefab",["_name"],2],["cc.Node",["_name","_parent","_children","_prefab","_lpos","_lrot","_euler"],2,1,12,4,5,5,5],["cc.Node",["_name","_parent","_children","_prefab","_lpos","_lrot","_euler"],2,1,9,4,5,5,5],["cc.SkeletalAnimation",["node","__prefab","_clips"],3,1,4,3],["cc.CompPrefabInfo",["fileId"],2],["c20db9gKGVMM6j6TBE2jgkc",["node","__prefab"],3,1,4],["cc.BoxCollider",["_isTrigger","node","__prefab","_center","_size"],2,1,4,5,5],["cc.PrefabInfo",["fileId","root","asset"],2,1,1],["cc.SkinnedMeshRenderer",["_shadowCastingMode","node","__prefab","_materials","lightmapSettings","_skinningRoot","_mesh","_skeleton"],2,1,4,3,4,1,6,6],["cc.ModelLightmapSettings",[],3],["cc.Skeleton",["_name","_hash","_joints","_bindposes"],0,12],["cc.Material",["_name","_states","_defines","_props"],0,12],["cc.Mesh",["_native","_hash","_struct"],1,11]],[[8,0,1,2,2],[0,0,4,6,1,5,2,3,2],[3,0,1,2,3,4,5,6,2],[5,0,2],[0,0,4,1,5,2,3,2],[0,0,4,1,5,2],[0,0,6,1,5,2,3,2],[0,0,4,7,1,2,3,2],[0,0,4,1,5,2,8,3,2],[9,0,1,2,3,4,5,6,7,2],[10,1],[1,0,2],[0,0,6,7,1,2],[0,0,4,6,1,2,3,2],[2,0,1,2,3,4,5,6,2],[4,0,1,2,1],[6,0,1,1],[7,0,1,2,3,4,2],[11,0,1,2,3,4],[12,0,1,2,3,4],[13,0,1,2,3]],[[[[11,"jibeilong"],[12,"jibeilong",[-5,-6,-7],[[15,-2,[3,"1cKZwDTv9QRZQUIZ5K0sGE"],[8,9,10,11,12]],[16,-3,[3,"30eKgoHw9PE6BdTfNhrvc5"]],[17,true,-4,[3,"746+xKZi5DNrejq0BM1qqf"],[1,0,1,0],[1,2,2,2]]],[0,"ff7rzC/8hYhJwHs8IYrBnv",-1,0]],[6,"Bip01 Spine",[-8,-9,-10,-11],[0,"3dfpSoRVNVi4WqPrrwlTQ5",1,0],[1,-0.09900298714637756,1.0821189880371094,-0.000002886501079046866],[3,-0.0000019027109840834076,-9.79050344361349e-7,0.7459182654744493,0.6660374923583581],[1,-179.99945442847985,179.9992205503845,83.52393656378604]],[6,"Bip01 Neck",[-12,-13,-14],[0,"10Rvyzm/1Vg5xsnoydOQZS",1,0],[1,1.1074957847595215,-0.48109495639801025,0.000004994092705601361],[3,-1.3280749619255227e-14,5.470260377086908e-7,-0.19722601415798433,0.9803580465008972],[1,0.000013405958339771685,0.00006663746011105794,-22.74958114180559]],[14,"Bip01",1,[[[4,"Bip01 Footsteps",-15,[0,"5diZG1/ERcC71p0jSUb0eZ",1,0],[1,-0.6675378680229187,-3.721140728885075e-8,-3.2882492542266846],[3,0.07069320754682981,0.07069329695379417,0.7035636680862324,0.7035645621558759],[1,0,11.475488297588845,90]],-16],4,1],[0,"35t2Ia1RheF5mjMLSNEbnp",1,0],[1,-6.279878839166031e-10,3.439340114593506,0.0006004333263263106],[3,0.547482898447271,0.5474823620054772,0.4475069565847044,-0.4475076122357858],[1,-90.00000003319958,-89.99993135085225,11.475501564063487]],[2,"Bip01 Head",3,[[5,"Bip01 HeadNub",-17,[0,"58raNKa7JaQbfnD4GF3jOl",1,0],[1,2.7719271183013916,3.0517577442878974e-7,1.746229788372744e-12]],[4,"Bone001",-18,[0,"6dkL+Y9K9evKaNwQ+3Hpjp",1,0],[1,0.7688409686088562,0.014836120419204235,-0.000006713865332130808],[3,0.9768609176863023,0.2138755420661091,-3.2922047608954537e-7,-0.0000017013886294035698],[1,-179.99979924940783,-0.000005333158500976937,24.699132393596976]]],[0,"46ZnR05JxZ0KLaaZS3hA0D",1,0],[1,0.5996798872947693,-0.0011853027390316129,-3.2887328416109085e-9],[3,7.138690114822932e-13,-9.285517391286534e-7,0.3347814966228565,0.9422957866392582],[1,0.00004591424470287157,-0.00012923270241439934,39.11850283746342]],[7,"jibeilong",1,[[9,1,-19,[3,"c4KCY/xaVQZowbOE5UGaAA"],[0,1],[10],1,2,3]],[0,"c7CIDu7XpS1r2tvy/rFROP",1,0],[3,-0.7071067811865476,0,0,0.7071067811865476],[1,-90.00000000000003,0,0]],[13,"Bip01 Pelvis",4,[2],[0,"3buAhV/lJdd6lVHo2C/OLz",1,0],[3,-0.49999964237200345,-0.5000003576277408,-0.49999964237200345,0.5000003576277408],[1,-89.99991803772996,-90,0]],[1,"Bip01 L Thigh",2,[-20],[0,"d6sy6qAJdbRK6PLCmox76Z",1,0],[1,-1.086380124092102,0.02367706224322319,0.5976777672767639],[3,0.7631077171945606,0.6339898110743379,0.11817281695656968,0.04193705693752086],[1,-155.9785783789423,-37.09677618858311,77.82735459614088]],[1,"Bip01 L Calf",8,[-21],[0,"14AkaMsaNdLKS5ON672B3q",1,0],[1,1.5947238206863403,-7.629394360719743e-8,-7.629394360719743e-8],[3,-1.8872961129259254e-17,-5.384917663991177e-18,-0.4859579503907845,0.8739821911526503],[1,-4.150192053971096e-15,-3.0136597304648728e-15,-58.15050758293311]],[1,"Bip01 L HorseLink",9,[-22],[0,"f7mr3et1RWGpSReTOtsG9+",1,0],[1,1.193221926689148,-1.5258788721439487e-7,7.629394360719743e-8],[3,-2.278387642453435e-8,5.723107398111342e-9,0.42686650729234504,0.9043146493074375],[1,-0.000004155275451878109,0.000002686639788557278,50.53772910111546]],[1,"Bip01 L Foot",10,[-23],[0,"4c4eN3/6FcxqXQDND797I6",1,0],[1,0.6071010828018188,-8.106231774718253e-8,-7.629394360719743e-8],[3,-0.02683177182074482,-0.02779663317105578,-0.08453278130859788,0.9956714378194977],[1,-3.379951600342734,-3.48230718738251,-9.604261737925095]],[2,"Bip01 L Toe0",11,[[8,"Bip01 L Toe0Nub",-24,[0,"ce5OEOQwZYXqbkkmh1l5F3",1,0],[1,0.5809569954872131,0,0],[3,-1.4013494364917278e-8,-2.3283064365386963e-10,1,-9.31322685637781e-10],[1,-1,-1,-1],[1,179.99999997331958,179.99999839417183,-1.0672171812978196e-7]]],[0,"1dORlfqt1Zj4tE3H3yv69J",1,0],[1,0.3490820825099945,0.5132303833961487,7.629394360719743e-8],[3,2.5225342247084728e-8,6.055522853539587e-9,0.7071067811865472,0.7071067811865472],[1,0,0.000004087941697025557,90]],[1,"Bip01 R Thigh",2,[-25],[0,"42QXJmTiBaKay05lrmXZ3j",1,0],[1,-1.086380124092102,0.023680420592427254,-0.597675085067749],[3,0.7631076101648909,0.6339901192163951,-0.11817112756085045,-0.041939106516556794],[1,155.97974165683348,37.09564020446522,77.82753863397771]],[1,"Bip01 R Calf",13,[-26],[0,"d21DL00H1bDZ9q/wYigxb4",1,0],[1,1.5947239398956299,-7.629394360719743e-8,-1.4210854397564648e-16],[3,-1.8872962510289478e-17,-5.384918413183762e-18,-0.485957973155135,0.8739821784950497],[1,-4.1501927179041086e-15,-3.013660349604289e-15,-58.150510567664895]],[1,"Bip01 R HorseLink",14,[-27],[0,"09nFIyKV5QI5P7x9Or39rV",1,0],[1,1.193222165107727,-1.5258788721439487e-7,-7.629394360719743e-8],[3,1.852285816246793e-8,-2.833176042894451e-8,0.42686650729234493,0.9043146493074374],[1,0.000005200562750989268,-0.000006044938738042669,50.53772910111535]],[1,"Bip01 R Foot",15,[-28],[0,"1eAXSHtAlcFLjD8CcwvjhQ",1,0],[1,0.6071010828018188,-1.335144048653092e-7,1.4210854397564648e-16],[3,0.026831779155527223,0.027796713144833663,-0.08453280329552058,0.9956714335224717],[1,3.3799533176575784,3.4823166087945556,-9.604263966894642]],[2,"Bip01 R Toe0",16,[[5,"Bip01 R Toe0Nub",-29,[0,"1eXqtrlclbD5anQSlGWEZP",1,0],[1,0.5809570550918579,-8.881783998477905e-18,7.629394360719743e-8]]],[0,"df6NXkhLtYTp+o6uwKsc5S",1,0],[1,0.3490820825099945,0.5132303833961487,-2.8421708795129297e-16],[3,-1.4534283359122626e-8,-1.6746581297412478e-8,0.7071067811865474,0.7071067811865474],[1,0,-0.0000023553814413363863,90]],[1,"Bip01 Spine1",2,[3],[0,"2cKnprWKVQQZTD4hsK9ZqY",1,0],[1,0.789730966091156,-0.0007791137904860079,-2.1618324907990427e-9],[3,6.356568428115503e-14,1.4348031100562742e-7,-0.051730701372686066,0.99866107090217],[1,8.551211772081473e-7,0.000016507971549402957,-5.930548817611641]],[1,"Bip01 L Clavicle",3,[-30],[0,"4asO8s4lRYeI5F4mj4lmkV",1,0],[1,-0.7452774047851562,0.10877151787281036,0.3959908187389374],[3,0.5182530781590582,0.3319571849270798,0.7880911677478275,0.01142303251396599],[1,-146.72830023429862,-119.75140690029744,21.22801854038763]],[1,"Bip01 L UpperArm",19,[-31],[0,"a0jM2oZfleH4FSRCteOmJ8",1,0],[1,0.394614577293396,-5.684341759025859e-16,0],[3,-0.4131178497258863,0.4535562925548786,-0.12886060585258116,0.7791118507512507],[1,-40.10831237210212,47.22547554075251,-35.137320937197146]],[1,"Bip01 L Forearm",20,[-32],[0,"47oj6XUepYe5iaQwzdQKv6",1,0],[1,0.7471673488616943,-2.8421708795129297e-16,-1.4210854397564648e-16],[3,7.367100070203645e-19,1.1567408444983049e-18,-0.776347517143824,0.6303051107397273],[1,180,180,-78.14527328361478]],[1,"Bip01 L Hand",21,[-33],[0,"01KgSx6hNWjaO1oZXokqI7",1,0],[1,0.533527672290802,5.684341759025859e-16,0],[3,-0.057768083043972705,-0.028042923142162425,0.34484698732809843,0.9364598220819735],[1,-6.7078276705758535,-0.9550951365140559,40.474583612385835]],[1,"Bip01 L Finger0",22,[-34],[0,"bb7b5sAileDpuBNF6/ejKZ",1,0],[1,0.2618721127510071,-3.0517577442878974e-7,7.105427198782324e-17],[3,-0.0003980903929514593,-0.000007396914361866371,-0.01857308077952061,0.9998274261789792],[1,-0.04565717386177102,-0.0016959107725667776,-2.128440158806095]],[2,"Bip01 L Finger01",23,[[5,"Bip01 L Finger0Nub",-35,[0,"e0XLGKT39WFK8gn6bes2FL",1,0],[1,0.35343459248542786,2.8421708795129297e-16,1.907348590179936e-8]]],[0,"ebsUMG7DpTd4mLbBJJcqso",1,0],[1,0.3287695348262787,0,-1.907348590179936e-8],[3,-1.6540980355797592e-9,1.4452196822273241e-9,0.28987096948980323,0.9570657349665391],[1,-2.7575370115735855e-7,2.5655810279865155e-7,33.70046262629886]],[1,"Bip01 R Clavicle",3,[-36],[0,"43fQqTcW9T/ZbUq6LCHnyx",1,0],[1,-0.7452774047851562,0.10877364873886108,-0.3960028886795044],[3,-0.5182530849069539,-0.3319593648188378,0.7880902243348297,0.011424465036810393],[1,146.72813234831983,119.75146269163984,21.228295158985865]],[1,"Bip01 R UpperArm",25,[-37],[0,"b4YMqP9K5bE5zXr9AVMpsU",1,0],[1,0.394614577293396,0,-1.5258788721439487e-7],[3,0.41311786173989334,-0.45355633554721125,-0.12886063940233886,0.7791118138041961],[1,40.10831119154266,-47.22548056798894,-35.13732718512555]],[1,"Bip01 R Forearm",26,[-38],[0,"2bC2gEShpT7qvxc/NA1u8i",1,0],[1,0.7471670508384705,-2.8421708795129297e-16,-1.4210854397564648e-16],[3,-1.610095893688519e-18,-2.145138440401733e-18,-0.776347517143824,0.6303051107397273],[1,-180,-180,-78.14527328361478]],[1,"Bip01 R Hand",27,[-39],[0,"fbMd+T/E5cIY9eYgwZBAcu",1,0],[1,0.5335278511047363,0,0],[3,0.057768087347510155,0.028042925285511718,0.34484696097762696,0.9364598314557527],[1,6.707828043469861,0.9550954388398645,40.474580418930636]],[1,"Bip01 R Finger0",28,[-40],[0,"b8U1jA089W+KWhikv5ogaV",1,0],[1,0.26187217235565186,3.0517577442878974e-7,1.907348590179936e-8],[3,0.0003981043917812488,0.000007398511432444398,-0.018573095675437502,0.9998274258966825],[1,0.04565878229221392,0.0016961243743049512,-2.12844186595011]],[2,"Bip01 R Finger01",29,[[8,"Bip01 R Finger0Nub",-41,[0,"d4WaqRgyZeKbU1qhsh1WpV",1,0],[1,0.3534349203109741,1.5258788721439487e-7,7.629394360719743e-8],[3,1.862645149230957e-9,9.31322685637781e-10,1,-3.725290742551124e-9],[1,-0.9999999403953552,-0.9999999403953552,-0.9999999403953552],[1,-179.9999998932783,-179.9999997865566,-4.268868738158872e-7]]],[0,"730rHGDplaJYxFZm38LgpS",1,0],[1,0.3287695348262787,0,-3.814697180359872e-8],[3,-1.4312638584862397e-9,1.5127105952094017e-9,0.2898709421916267,0.9570657432344649],[1,-2.4907327103442866e-7,2.5655810057532194e-7,33.700459357828905]],[1,"Bip01 Tail",2,[-42],[0,"15cLJXVYRR5b2kshHYU19o",1,0],[1,-2.3559670448303223,-0.010572204366326332,-0.0000010598602102618315],[3,-6.526408435677297e-14,-0.0000027703963182137324,0.9988447314370461,-0.04805416186741758],[1,179.99968143144403,179.9999846737416,-5.508722840921795]],[1,"Bip01 Tail1",31,[-43],[0,"48dF/rGhBSf5fwavtioHWk",1,0],[1,0.9031928777694702,-0.0007589721935801208,-2.1042070308396887e-9],[3,-2.8125588568035436e-14,-9.74563653170782e-8,0.03513709475957784,0.9993825016338074],[1,3.9336781430608747e-7,-0.000011188407464203481,4.027243441028017]],[1,"Bip01 Tail2",32,[-44],[0,"f6+6UWJOxdM4w3J/+nqZII",1,0],[1,0.9554691910743713,-0.0006881713634356856,-1.908047053689188e-9],[3,-7.850656653292316e-14,2.5544060034308007e-8,-0.009209705777042521,0.9999575897604356],[1,2.6953616340073214e-8,0.000002927506054298507,-1.0553694626963408]],[1,"Bip01 Tail3",33,[-45],[0,"7em2+VXndYkI3hsGgdV22P",1,0],[1,0.8635619878768921,-0.0013018798781558871,-3.6117853152717316e-9],[3,-4.772372898519504e-14,6.988484633125842e-8,-0.02519641565476249,0.999682519922274],[1,2.0202932925365253e-7,0.000008015848780651082,-2.8876021436031234]],[2,"Bip01 Tail4",34,[[4,"Bip01 TailNub",-46,[0,"13GYudmXdebZoYrCU1JfTZ",1,0],[1,2.0882298946380615,-5.684341759025859e-16,-5.82076596124248e-13],[3,0.7073882378915716,0.706825212404548,9.802253306413663e-7,-9.810061318601392e-7],[1,0,180.0001589155941,90]]],[0,"ffrNsKjrtZ6b/fLDLcS19P",1,0],[1,1.637548804283142,-0.0016619872767478228,-4.608882608891918e-9],[3,-1.1662392915655855e-13,3.0234247443500536e-8,-0.010900724800947609,0.9999405853343554],[1,3.776214814978469e-8,0.0000034652070694378512,-1.2491557889449374]],[7,"outline",1,[[9,1,-47,[3,"e6JthngUdA6YmLmB45+8Jb"],[4,5],[10],1,6,7]],[0,"b9134vht5HlrnCK+AUB1mD",1,0],[3,-0.7071067811865476,0,0,0.7071067811865476],[1,-90.00000000000003,0,0]]],0,[0,4,1,0,1,1,0,1,1,0,1,1,0,-1,6,0,-2,4,0,-3,36,0,-1,8,0,-2,13,0,-3,18,0,-4,31,0,-1,5,0,-2,19,0,-3,25,0,0,4,0,-2,7,0,0,5,0,0,5,0,1,6,0,-1,9,0,-1,10,0,-1,11,0,-1,12,0,0,12,0,-1,14,0,-1,15,0,-1,16,0,-1,17,0,0,17,0,-1,20,0,-1,21,0,-1,22,0,-1,23,0,-1,24,0,0,24,0,-1,26,0,-1,27,0,-1,28,0,-1,29,0,-1,30,0,0,30,0,-1,32,0,-1,33,0,-1,34,0,-1,35,0,0,35,0,1,36,0,5,1,2,0,7,3,0,18,47],[0,0,0,0,0,0,0,0,0,0,0,0,0],[-1,-2,2,3,-1,-2,2,3,-1,-2,-3,-4,-5],[0,0,1,2,3,3,1,2,4,5,6,7,8]],[[[18,"Skin-0",4259809319,["Bip01/Bip01 Pelvis/Bip01 Spine/Bip01 Spine1","Bip01/Bip01 Pelvis/Bip01 Spine","Bip01/Bip01 Pelvis","Bip01/Bip01 Pelvis/Bip01 Spine/Bip01 Spine1/Bip01 Neck/Bip01 L Clavicle/Bip01 L UpperArm","Bip01/Bip01 Pelvis/Bip01 Spine/Bip01 Spine1/Bip01 Neck/Bip01 Head","Bip01/Bip01 Pelvis/Bip01 Spine/Bip01 L Thigh","Bip01/Bip01 Pelvis/Bip01 Spine/Bip01 Spine1/Bip01 Neck/Bip01 L Clavicle/Bip01 L UpperArm/Bip01 L Forearm/Bip01 L Hand","Bip01/Bip01 Pelvis/Bip01 Spine/Bip01 Spine1/Bip01 Neck/Bip01 L Clavicle/Bip01 L UpperArm/Bip01 L Forearm","Bip01/Bip01 Pelvis/Bip01 Spine/Bip01 Spine1/Bip01 Neck/Bip01 L Clavicle/Bip01 L UpperArm/Bip01 L Forearm/Bip01 L Hand/Bip01 L Finger0","Bip01/Bip01 Pelvis/Bip01 Spine/Bip01 Spine1/Bip01 Neck","Bip01/Bip01 Pelvis/Bip01 Spine/Bip01 Tail/Bip01 Tail1","Bip01/Bip01 Pelvis/Bip01 Spine/Bip01 Tail","Bip01/Bip01 Pelvis/Bip01 Spine/Bip01 Tail/Bip01 Tail1/Bip01 Tail2","Bip01/Bip01 Pelvis/Bip01 Spine/Bip01 Tail/Bip01 Tail1/Bip01 Tail2/Bip01 Tail3","Bip01/Bip01 Pelvis/Bip01 Spine/Bip01 Tail/Bip01 Tail1/Bip01 Tail2/Bip01 Tail3/Bip01 Tail4","Bip01/Bip01 Pelvis/Bip01 Spine/Bip01 Tail/Bip01 Tail1/Bip01 Tail2/Bip01 Tail3/Bip01 Tail4/Bip01 TailNub","Bip01/Bip01 Pelvis/Bip01 Spine/Bip01 Spine1/Bip01 Neck/Bip01 L Clavicle","Bip01/Bip01 Pelvis/Bip01 Spine/Bip01 Spine1/Bip01 Neck/Bip01 L Clavicle/Bip01 L UpperArm/Bip01 L Forearm/Bip01 L Hand/Bip01 L Finger0/Bip01 L Finger01","Bip01/Bip01 Pelvis/Bip01 Spine/Bip01 R Thigh","Bip01/Bip01 Pelvis/Bip01 Spine/Bip01 L Thigh/Bip01 L Calf","Bip01/Bip01 Pelvis/Bip01 Spine/Bip01 L Thigh/Bip01 L Calf/Bip01 L HorseLink","Bip01/Bip01 Pelvis/Bip01 Spine/Bip01 L Thigh/Bip01 L Calf/Bip01 L HorseLink/Bip01 L Foot","Bip01/Bip01 Pelvis/Bip01 Spine/Bip01 L Thigh/Bip01 L Calf/Bip01 L HorseLink/Bip01 L Foot/Bip01 L Toe0/Bip01 L Toe0Nub","Bip01/Bip01 Pelvis/Bip01 Spine/Bip01 L Thigh/Bip01 L Calf/Bip01 L HorseLink/Bip01 L Foot/Bip01 L Toe0","Bip01/Bip01 Pelvis/Bip01 Spine/Bip01 Spine1/Bip01 Neck/Bip01 L Clavicle/Bip01 L UpperArm/Bip01 L Forearm/Bip01 L Hand/Bip01 L Finger0/Bip01 L Finger01/Bip01 L Finger0Nub","Bip01/Bip01 Pelvis/Bip01 Spine/Bip01 Spine1/Bip01 Neck/Bip01 R Clavicle/Bip01 R UpperArm/Bip01 R Forearm/Bip01 R Hand/Bip01 R Finger0/Bip01 R Finger01/Bip01 R Finger0Nub","Bip01/Bip01 Pelvis/Bip01 Spine/Bip01 Spine1/Bip01 Neck/Bip01 Head/Bone001","Bip01/Bip01 Pelvis/Bip01 Spine/Bip01 Spine1/Bip01 Neck/Bip01 R Clavicle/Bip01 R UpperArm/Bip01 R Forearm/Bip01 R Hand/Bip01 R Finger0","Bip01/Bip01 Pelvis/Bip01 Spine/Bip01 Spine1/Bip01 Neck/Bip01 R Clavicle/Bip01 R UpperArm","Bip01/Bip01 Pelvis/Bip01 Spine/Bip01 Spine1/Bip01 Neck/Bip01 R Clavicle/Bip01 R UpperArm/Bip01 R Forearm/Bip01 R Hand","Bip01/Bip01 Pelvis/Bip01 Spine/Bip01 Spine1/Bip01 Neck/Bip01 R Clavicle/Bip01 R UpperArm/Bip01 R Forearm","Bip01/Bip01 Pelvis/Bip01 Spine/Bip01 Spine1/Bip01 Neck/Bip01 R Clavicle","Bip01/Bip01 Pelvis/Bip01 Spine/Bip01 Spine1/Bip01 Neck/Bip01 R Clavicle/Bip01 R UpperArm/Bip01 R Forearm/Bip01 R Hand/Bip01 R Finger0/Bip01 R Finger01","Bip01/Bip01 Pelvis/Bip01 Spine/Bip01 R Thigh/Bip01 R Calf","Bip01/Bip01 Pelvis/Bip01 Spine/Bip01 R Thigh/Bip01 R Calf/Bip01 R HorseLink","Bip01/Bip01 Pelvis/Bip01 Spine/Bip01 R Thigh/Bip01 R Calf/Bip01 R HorseLink/Bip01 R Foot","Bip01/Bip01 Pelvis/Bip01 Spine/Bip01 R Thigh/Bip01 R Calf/Bip01 R HorseLink/Bip01 R Foot/Bip01 R Toe0/Bip01 R Toe0Nub","Bip01/Bip01 Pelvis/Bip01 Spine/Bip01 R Thigh/Bip01 R Calf/Bip01 R HorseLink/Bip01 R Foot/Bip01 R Toe0","Bip01/Bip01 Pelvis/Bip01 Spine/Bip01 Spine1/Bip01 Neck/Bip01 Head/Bip01 HeadNub"],[[[7,0.0000011944505331484834,-0.000002542936726968037,0.9999998807907104,0,-0.981859564781189,-0.18960919976234436,6.906186058586172e-7,0,0.18960916996002197,-0.9818596243858337,-0.0000027232854336034507,0,-2.5213170051574707,3.207317590713501,0.000010143779036297929,1],[7,0.000001213057316817867,-0.000002667483158802497,0.9999998807907104,0,-0.996195375919342,-0.08714592456817627,9.75982175077661e-7,0,0.08714591711759567,-0.9961954951286316,-0.0000027630476324702613,0,-1.3867030143737793,3.4498817920684814,0.000010818735063367058,1],[7,-0.0000016401199900428765,0.0000026346372123953188,0.9999998807907104,0,0.198948934674263,-0.9800097346305847,0.0000029082705168548273,0,0.9800098538398743,0.1989489197731018,0.000001083175334315456,0,-3.3704679012298584,-0.6848414540290833,-0.0000037230342968541663,1],[7,-0.004036999773234129,0.009485269896686077,0.999946653842926,0,0.5917445421218872,0.8061081767082214,-0.005257561337202787,0,-0.8061152696609497,0.5916918516159058,-0.008867116644978523,0,4.213559150695801,-0.32986319065093994,-0.6952484846115112,1],[7,0.0000012142287459937506,-0.000002889210691137123,0.9999998807907104,0,-0.9954977631568909,0.09478484094142914,0.0000014826152892055688,0,-0.09478484094142914,-0.9954977631568909,-0.000002761112000371213,0,-2.906764030456543,4.940858840942383,0.00000864229878061451,1],[7,0.12717947363853455,0.21384739875793457,-0.9685527086257935,0,-0.2527308464050293,-0.9372655153274536,-0.24012523889541626,0,-0.9591415524482727,0.2753221392631531,-0.06515510380268097,0,3.2226502895355225,-1.0753003358840942,0.8028277158737183,1],[7,0.00242004101164639,-0.12655362486839294,0.9919565916061401,0,-0.4241427779197693,0.8981835842132568,0.1156248152256012,0,-0.905592143535614,-0.4210110902786255,-0.05150315538048744,0,1.5353784561157227,3.2958452701568604,-0.29682591557502747,1],[7,-0.008453624323010445,-0.005899473559111357,0.999946653842926,0,-0.9104779958724976,0.41352391242980957,-0.005257544573396444,0,-0.41347092390060425,-0.9104740619659424,-0.008867115713655949,0,-0.3892769515514374,3.46022367477417,-0.6952484846115112,1],[7,0.007147886324673891,-0.1271657794713974,0.9918555021286011,0,-0.4572050869464874,0.8817190527915955,0.1163400262594223,0,-0.88933265209198,-0.4543130397796631,-0.05183840170502663,0,1.150212049484253,3.341104507446289,-0.2942012846469879,1],[7,0.0000010079605772261857,-0.000002101892960126861,0.9999998807907104,0,-0.8321519494056702,-0.5545476078987122,-3.2682316941645695e-7,0,0.5545475482940674,-0.8321520090103149,-0.0000023080563096300466,0,-4.772830009460449,1.9981907606124878,4.520899494764308e-7,1],[7,-0.000001215719635183632,-0.0000026771408556669485,0.9999998807907104,0,0.9968671202659607,-0.07909463346004486,0.0000010001633654610487,0,0.07909462600946426,0.9968672394752502,0.0000027649098228721414,0,-2.4300620555877686,-3.187873125076294,-0.000006564141585840844,1],[7,-0.0000012187108495709253,-0.0000027627665986074135,0.9999998807907104,0,0.9999604225158691,-0.00888861808925867,0.0000011941054935959983,0,0.008888617157936096,0.9999605417251587,0.0000027734895411413163,0,-1.296981930732727,-3.3514256477355957,-0.000007016066774667706,1],[7,-0.000001217085241478344,-0.0000026995617190550547,0.9999998807907104,0,0.998154878616333,-0.06072032079100609,0.0000010509211278986186,0,0.06072031334042549,0.9981549978256226,0.0000027684814085660037,0,-3.326253890991211,-3.2490017414093018,-0.0000067330543060961645,1],[7,-0.0000012187100537630613,-0.0000027609742119238945,0.9999998807907104,0,0.9999463558197021,-0.010359324514865875,0.0000011900426670763409,0,0.0103593235835433,0.9999464750289917,0.0000027734502054954646,0,-4.020886421203613,-3.454645872116089,-0.000007301212008314906,1],[7,-0.0000012184539173176745,-0.0000027875425985257607,0.9999998807907104,0,0.9999346137046814,0.011442124843597412,0.0000012502692925409065,0,-0.011442123912274837,0.999934732913971,0.000002773417463686201,0,-5.581815242767334,-3.575517416000366,-0.000007635120709892362,1],[7,-2.6003856845591145e-8,-0.000002124624643329298,-0.9999998807907104,0,0.012238330207765102,0.9999251961708069,-0.0000021247833501547575,0,0.9999253153800964,-0.012238328345119953,-5.4671673817893035e-14,0,-3.5816237926483154,-7.667195796966553,0.000004705669653048972,1],[7,0.8092762231826782,0.5350669622421265,0.24243611097335815,0,0.1841345578432083,0.1608448326587677,-0.9696510434150696,0,-0.5578228235244751,0.8293565511703491,0.0316435769200325,0,2.2266664505004883,-2.9976634979248047,-2.4502782821655273,1],[7,-0.06461141258478165,-0.10976136475801468,0.9918555617332458,0,0.10885123163461685,0.987226665019989,0.11633985489606857,0,-0.9919559955596924,0.11548160761594772,-0.05183843523263931,0,2.5372142791748047,2.3238525390625,-0.29420164227485657,1],[7,-0.12717899680137634,-0.21384495496749878,-0.968553364276886,0,-0.25273117423057556,-0.9372660517692566,0.24012279510498047,0,-0.9591415524482727,0.27532219886779785,0.0651552826166153,0,3.2226502895355225,-1.0753003358840942,-0.8028283715248108,1],[7,-0.11453855037689209,0.22087588906288147,-0.9685527086257935,0,0.6627848744392395,-0.70926433801651,-0.24012506008148193,0,-0.7399978637695312,-0.669445812702179,-0.06515508890151978,0,1.77243971824646,0.8153963685035706,0.8028277158737183,1],[7,0.09772859513759613,0.22881126403808594,-0.9685525894165039,0,-0.12633667886257172,-0.9624855518341064,-0.24012555181980133,0,-0.9871616363525391,0.14583085477352142,-0.06515511125326157,0,0.9976548552513123,0.07105981558561325,0.8028279542922974,1],[7,-3.046136498596752e-8,0.289008229970932,-0.9573264718055725,0,0.02186652645468712,-0.957097589969635,-0.28893911838531494,0,-0.9997608661651611,-0.02093341574072838,-0.006319577340036631,0,0.42059338092803955,0.09714449942111969,0.7847157120704651,1],[7,0.2890075147151947,-2.7919599077108614e-8,0.9573267102241516,0,-0.9570978283882141,-0.021866504102945328,0.28893840312957764,0,-0.020933382213115692,0.9997608661651611,0.006319610867649317,0,-0.9970422983169556,-0.07151128351688385,-0.7847155928611755,1],[7,0.2890075147151947,-2.7919599077108614e-8,-0.9573267102241516,0,-0.9570978283882141,-0.021866504102945328,-0.28893840312957764,0,-0.020933382213115692,0.9997608661651611,-0.006319610867649317,0,-0.4160853326320648,-0.07151129096746445,0.7847155928611755,1],[7,-0.06461141258478165,-0.10976136475801468,0.9918555617332458,0,0.10885123163461685,0.987226665019989,0.11633985489606857,0,-0.9919559955596924,0.11548160761594772,-0.05183843523263931,0,2.183779716491699,2.3238525390625,-0.29420164227485657,1],[7,0.06461117416620255,0.10975897312164307,-0.991855800151825,0,0.10885144025087357,0.9872269034385681,0.11633745580911636,0,-0.9919559955596924,0.1154816597700119,-0.0518384613096714,0,2.1837799549102783,2.3238525390625,-0.2942039370536804,1],[7,-1.4901162970204496e-8,-4.006427332114981e-7,-1,0,-0.8648180365562439,-0.5020853877067566,2.1404369476840657e-7,0,-0.5020855069160461,0.8648179173469543,-3.390014171600342e-7,0,-1.2809852361679077,-6.011226654052734,0.000005766784852312412,1],[7,-0.007146752905100584,0.1271635890007019,0.991855800151825,0,-0.4572051167488098,0.8817193508148193,-0.11633756756782532,0,-0.88933265209198,-0.4543130099773407,0.05183840170502663,0,1.1502119302749634,3.341104745864868,0.2942037880420685,1],[7,0.004035575781017542,-0.009487208910286427,0.999946653842926,0,0.5917445421218872,0.8061081767082214,0.005259966943413019,0,-0.8061152696609497,0.5916918516159058,0.008867115713655949,0,4.213559150695801,-0.3298631012439728,0.695250928401947,1],[7,-0.002418987452983856,0.12655138969421387,0.991956889629364,0,-0.4241427779197693,0.8981838226318359,-0.11562234908342361,0,-0.9055920839309692,-0.4210110902786255,0.05150315910577774,0,1.535378336906433,3.2958455085754395,0.2968284487724304,1],[7,0.008455852046608925,0.005898461677134037,0.999946653842926,0,-0.9104779958724976,0.41352391242980957,0.005259990692138672,0,-0.41347092390060425,-0.9104740619659424,0.008867115713655949,0,-0.38927704095840454,3.46022367477417,0.6952509880065918,1],[7,-0.8092766404151917,-0.5350673198699951,0.24243366718292236,0,0.18413251638412476,0.16084349155426025,0.9696516394615173,0,-0.5578228235244751,0.8293565511703491,-0.0316435769200325,0,2.2266643047332764,-2.9976651668548584,2.4502792358398438,1],[7,0.06461117416620255,0.10975897312164307,0.991855800151825,0,0.10885144025087357,0.9872269034385681,-0.11633745580911636,0,-0.9919559955596924,0.1154816597700119,0.0518384613096714,0,2.537214756011963,2.3238525390625,0.2942039668560028,1],[7,0.11453685909509659,-0.2208743393421173,-0.968553364276886,0,0.6627851128578186,-0.709264874458313,0.24012281000614166,0,-0.739997923374176,-0.6694457530975342,0.0651552677154541,0,1.7724398374557495,0.8153960108757019,-0.8028284311294556,1],[7,-0.09772844612598419,-0.22880877554416656,-0.9685533046722412,0,-0.12633690237998962,-0.9624860882759094,0.24012310802936554,0,-0.9871616363525391,0.14583086967468262,0.06515529006719589,0,0.9976546764373779,0.07105976343154907,-0.8028284311294556,1],[7,-6.590425427610569e-10,-0.28900688886642456,-0.9573268890380859,0,0.02186652645468712,-0.9570980072021484,0.2889377772808075,0,-0.9997608661651611,-0.02093341574072838,0.006319577340036631,0,0.42059341073036194,0.0971435010433197,-0.7847161889076233,1],[7,-0.28900519013404846,8.121500627567002e-8,-0.9573273658752441,0,-0.9570985436439514,-0.021866504102945328,0.2889360785484314,0,-0.020933382213115692,0.9997608661651611,0.006319610867649317,0,-0.9970424771308899,-0.07151129096746445,-0.7847160696983337,1],[7,-0.28900519013404846,8.121500627567002e-8,-0.9573273658752441,0,-0.9570985436439514,-0.021866504102945328,0.2889360785484314,0,-0.020933382213115692,0.9997608661651611,0.006319610867649317,0,-0.41608554124832153,-0.07151129096746445,-0.784716010093689,1],[7,0.0000012142287459937506,-0.000002889210691137123,0.9999998807907104,0,-0.9954977631568909,0.09478484094142914,0.0000014826152892055688,0,-0.09478484094142914,-0.9954977631568909,-0.000002761112000371213,0,-5.6786909103393555,4.940858840942383,0.000008642297871119808,1]],8,8,8,8,8,8,8,8,8,8,8,8,8,8,8,8,8,8,8,8,8,8,8,8,8,8,8,8,8,8,8,8,8,8,8,8,8,8,8]]],0,0,[],[],[]],[[[19,"jibeilong",[{"rasterizerState":{},"blendState":{"targets":[{}]},"depthStencilState":{}}],[{"USE_ALBEDO_MAP":true}],[[[{"metallic":0.4000000059604645,"roughness":0.7071067690849304},"mainTexture",6,0]],11]]],0,0,[0,0],[6,7],[9,10]],[[[20,".bin",1562836172,[{"primitives":[{"primitiveMode":7,"jointMapIndex":0,"vertexBundelIndices":[0],"indexView":{"offset":74304,"length":9402,"count":4701,"stride":2}},{"primitiveMode":7,"jointMapIndex":1,"vertexBundelIndices":[1],"indexView":{"offset":190482,"length":12042,"count":6021,"stride":2}}],"vertexBundles":[{"view":{"offset":0,"length":74304,"count":1032,"stride":72},"attributes":[{"name":"a_position","format":32,"isNormalized":false},{"name":"a_normal","format":32,"isNormalized":false},{"name":"a_texCoord","format":21,"isNormalized":false},{"name":"a_tangent","format":44,"isNormalized":false},{"name":"a_joints","format":42,"isNormalized":false},{"name":"a_weights","format":44,"isNormalized":false}]},{"view":{"offset":83706,"length":106776,"count":1483,"stride":72},"attributes":[{"name":"a_position","format":32,"isNormalized":false},{"name":"a_normal","format":32,"isNormalized":false},{"name":"a_texCoord","format":21,"isNormalized":false},{"name":"a_tangent","format":44,"isNormalized":false},{"name":"a_joints","format":42,"isNormalized":false},{"name":"a_weights","format":44,"isNormalized":false}]}],"jointMaps":[[0,1,2,3,4,5,6,7,8,9,10,11,12,13,14,16,17,18,19,20,21,22,23,24,26,27,28,29,31],[0,1,2,4,5,8,9,10,11,12,13,14,18,25,26,27,28,29,30,31,32,33,34,35,36,37]]},"minPosition",8,[1,-1.7221788167953491,-5.945837497711182,-0.0015992202097550035],"maxPosition",8,[1,1.7221788167953491,7.652301788330078,6.012922763824463]]],-1],0,0,[],[],[]]]]
