[1,["81ikBceY9G6LEN07tk+33B@cf5f4","81ikBceY9G6LEN07tk+33B@2e510","81ikBceY9G6LEN07tk+33B@438fe","1eA8oB4ztLT5NC3g1bKoxG","9bUoSPyHZMqJ9tTSQWNL7J@8a22c","8ckTYIpVdJNZpYAiIe3WEp@05e57","3ccePAfXVAwZ6E81lhoDaz@81e2e","3aWCf2lNZPB7tZbENbZ3EK@ebb6c","03yTsVz4VAuqaJoEeLM1yc@938d1","81ikBceY9G6LEN07tk+33B@30900","1brw/JvvpFnIvdrxpFCgMZ"],["_parent","node","_mesh","_skeleton","root","data","mainTexture","_effectAsset"],[["cc.Node",["_name","_prefab","_lrot","_euler","_parent","_lpos","_children","_components","_lscale"],2,4,5,5,1,5,2,9,5],["cc.Prefab",["_name"],2],["cc.Node",["_name","_parent","_children","_prefab","_lpos","_lrot","_euler"],2,1,12,4,5,5,5],["cc.Node",["_name","_parent","_children","_prefab","_lpos","_lrot","_euler"],2,1,9,4,5,5,5],["cc.SkeletalAnimation",["node","__prefab","_clips"],3,1,4,3],["cc.CompPrefabInfo",["fileId"],2],["c20db9gKGVMM6j6TBE2jgkc",["node","__prefab"],3,1,4],["cc.BoxCollider",["_isTrigger","node","__prefab","_center","_size"],2,1,4,5,5],["cc.PrefabInfo",["fileId","root","asset"],2,1,1],["cc.SkinnedMeshRenderer",["_shadowCastingMode","node","__prefab","_materials","lightmapSettings","_skinningRoot","_mesh","_skeleton"],2,1,4,3,4,1,6,6],["cc.ModelLightmapSettings",[],3],["cc.Mesh",["_native","_hash","_struct"],1,11],["cc.Skeleton",["_name","_hash","_joints","_bindposes"],0,12],["cc.Material",["_name","_states","_defines","_props"],0,12]],[[8,0,1,2,2],[0,0,4,6,1,5,2,3,2],[3,0,1,2,3,4,5,6,2],[5,0,2],[0,0,4,1,5,2],[0,0,4,1,5,2,8,3,2],[0,0,6,1,5,2,3,2],[0,0,4,1,5,2,3,2],[0,0,4,7,1,2,3,2],[9,0,1,2,3,4,5,6,7,2],[10,1],[1,0,2],[0,0,6,7,1,8,2],[0,0,4,6,1,2,3,2],[2,0,1,2,3,4,5,6,2],[4,0,1,2,1],[6,0,1,1],[7,0,1,2,3,4,2],[11,0,1,2,3],[12,0,1,2,3,4],[13,0,1,2,3,4]],[[[[11,"niulong_3"],[12,"niulong_3",[-5,-6,-7],[[15,-2,[3,"b7ZCx2s9lcMplOYUSVpy82"],[8,9,10,11,12]],[16,-3,[3,"3dGcievMFFeINk9WlZGE5Y"]],[17,true,-4,[3,"746+xKZi5DNrejq0BM1qqf"],[1,0,1,0],[1,2,2,2]]],[0,"e5mx7oULJSe4dUayNQa5Ub",-1,0],[1,1.3,1.3,1.3]],[6,"Bip01 Spine",[-8,-9,-10,-11],[0,"92Q9t86s1bU4p13gslvweP",1,0],[1,-0.17189468443393707,0.6571319699287415,-0.0000019151211745338514],[3,-0.0000019415278785982844,-9.804255014172762e-7,0.7209027931879977,0.6930361915289937],[1,-179.99814230662307,179.99790549923827,87.74186580009005]],[6,"Bip01 Neck",[-12,-13,-14],[0,"15/oNCVdFaPo3kJ7PXG4O6",1,0],[1,0.724698007106781,-0.2344876080751419,0.000003515296157274861],[3,7.671054290698125e-14,8.146178645322224e-7,-0.29370412287785364,0.9558963794281717],[1,0.00003313305222257031,0.0001078355848677257,-34.15969433980502]],[14,"Bip01",1,[[[7,"Bip01 Footsteps",-15,[0,"0eEYqqyARc8JBKG27Z1r/8",1,0],[1,-0.4567340016365051,-2.5460321850800938e-8,-2.2498433589935303],[3,0.07069320754682981,0.07069329695379417,0.7035636680862324,0.7035645621558759],[1,0,11.475488297588845,90]],-16],4,1],[0,"59ioJM5RxZrI3Phv5MBGEm",1,0],[1,-2.5192809616214618e-8,2.3008787631988525,0.5625781416893005],[3,0.547482898447271,0.5474823620054772,0.4475069565847044,-0.4475076122357858],[1,-90.00000003319958,-89.99993135085225,11.475501564063487]],[2,"Bip01 Head",3,[[4,"Bip01 HeadNub",-17,[0,"96FfyEIA9Q7ZZCnicQsmNh",1,0],[1,1.563931941986084,-3.0517577442878974e-7,-5.82076596124248e-13]],[5,"Bone001",-18,[0,"75xRMDQB5TZZPZoBT/PmuS",1,0],[1,0.543485701084137,0.10974975675344467,-0.000006156867129902821],[3,0.9639941085031223,0.26592359573390545,-4.447287940564284e-7,-0.000001738818964484898],[1,0.6130131483078003,2.6792638301849365,2.675948143005371],[1,-179.99979206382034,-0.000004494810380128671,30.843680445847813]]],[0,"b1UwiXVUta6qzKQRuR99kb",1,0],[1,0.6066561937332153,-0.0011851501185446978,-3.2881508627014e-9],[3,8.395676264499924e-13,-0.0000011130723677351062,0.4013089871323452,0.9159427366629271],[1,0.0000755072448090624,-0.00017233657470572256,47.32007024299862]],[8,"niulong_3",1,[[9,1,-19,[3,"58YcANUe9UMr/NIxdL7xWf"],[0,1],[10],1,2,3]],[0,"89lMT5P7pWiZK7fOT9HCqF",1,0],[3,-0.7071067811865476,0,0,0.7071067811865476],[1,-90.00000000000003,0,0]],[13,"Bip01 Pelvis",4,[2],[0,"a05W5YZVlVKpEzKfWb7iMy",1,0],[3,-0.5313310632210245,-0.46656885822534033,-0.46656894763230766,0.5313324937325016],[1,-89.99991768181324,-82.57352354949543,-0.00008192573780744308]],[1,"Bip01 L Thigh",2,[-20],[0,"26JcrGUPxYkqXlIBzNdKXA",1,0],[1,-0.6633943319320679,-0.14587005972862244,0.3941178023815155],[3,0.8521237256757613,0.5090250303237749,0.1140542536269292,0.04207495542414777],[1,-174.69510337769765,-18.39181210136637,61.29476295864449]],[1,"Bip01 L Calf",8,[-21],[0,"e1Pt7C0PdeLr4YGkxmmxZo",1,0],[1,0.9674175977706909,-1.5258788721439487e-7,3.814697180359872e-8],[3,-3.2879197492382816e-18,1.934878557276511e-17,-0.5786537045069866,0.8155733506315305],[1,2.9538452601580062e-15,4.814356677221663e-15,-70.71181398977659]],[1,"Bip01 L HorseLink",9,[-22],[0,"69GJDF2MZSt7Qf7fT2MvZU",1,0],[1,1.0705941915512085,-3.552713599391162e-17,-3.814697180359872e-8],[3,-3.723838015393844e-8,1.1566706909433275e-8,0.5386024809386764,0.8425600082645158],[1,-0.000010264681393263828,0.000008134767583053666,65.17710850621668]],[1,"Bip01 L Foot",10,[-23],[0,"223bXAyWRex51otasmhnd7",1,0],[1,0.4587157368659973,0,1.4210854397564648e-16],[3,0.0010344769161087731,-0.01653204121860382,-0.2250614028976818,0.9742037704691887],[1,-0.3459196806668676,-2.0243064108025113,-26.01111755052203]],[2,"Bip01 L Toe0",11,[[5,"Bip01 L Toe0Nub",-24,[0,"fdcH/b/TpeD4Uwf7iTmPVJ",1,0],[1,0.3830927312374115,-4.76837147544984e-9,3.814697180359872e-8],[3,6.8503140937536955e-9,-8.673613243980973e-19,1,-6.123234262925839e-17],[1,-1,-1,-1],[1,180,-179.99999921501183,-7.0167096053918695e-15]]],[0,"46mpn9tQJdxZRSvbhAEYi/",1,0],[1,0.18063250184059143,0.3374118506908417,-0.00036445618025027215],[3,1.030262026670735e-8,2.064897266319234e-8,0.7071067811865474,0.7071067811865474],[1,0,0.0000016696110825517507,90]],[1,"Bip01 R Thigh",2,[-25],[0,"deEIToeERUN69bge7cGJyJ",1,0],[1,-0.6633943319320679,-0.14586791396141052,-0.39411720633506775],[3,0.8521236125999971,0.509025332010922,-0.11405289844222356,-0.04207726913226058],[1,174.69571524401567,18.391278084990976,61.29485991404263]],[1,"Bip01 R Calf",13,[-26],[0,"1aa9fAj7dU/7JAR093qdZV",1,0],[1,0.9674175977706909,0,3.814697180359872e-8],[3,2.7379217953797277e-17,1.460627232005338e-17,-0.5786537441536043,0.8155733225020393],[1,1.0678524470493372e-14,9.628715735221795e-15,-70.71181956029677]],[1,"Bip01 R HorseLink",14,[-27],[0,"8aWn8zCuhcNKcY9eoc9Wfk",1,0],[1,1.070594310760498,7.629394360719743e-8,-7.629394360719743e-8],[3,4.019831294997645e-8,8.010999117888837e-9,0.5386024809386764,0.8425600082645158],[1,0.000008067188309881742,-0.000004067383599993734,65.17710850621688]],[1,"Bip01 R Foot",15,[-28],[0,"d9lNo+mptTn7QzTvCgV34M",1,0],[1,0.4587157070636749,0,0],[3,-0.0010344896039318433,0.016532125014510343,-0.2250614025828592,0.9742037691064434],[1,0.34592050870774477,2.02431645837613,-26.01111751010731]],[2,"Bip01 R Toe0",16,[[4,"Bip01 R Toe0Nub",-29,[0,"56lfS0JptTbI1s4/mO837I",1,0],[1,0.38309264183044434,-4.76837147544984e-9,0]]],[0,"62s3Nn+1NRJ7UCDMayEWFC",1,0],[1,0.18063247203826904,0.33741191029548645,0.0003643798700068146],[3,-1.540376919068236e-8,-1.5547826403752636e-8,0.7071067811865474,0.7071067811865474],[1,0,-0.0000024962876518841045,90]],[1,"Bip01 Spine1",2,[3],[0,"80XphkDdVSUJWr5HljjOyr",1,0],[1,1.037961483001709,-0.0005136108375154436,-1.4243414225845186e-9],[3,-5.081774316910828e-14,1.434802825562668e-7,-0.05173070508800735,0.9986610707097162],[1,8.551079094703617e-7,0.000016507967604068483,-5.930549243926905]],[1,"Bip01 L Clavicle",3,[-30],[0,"e4XDJCwfpQXbypOgaAjP3V",1,0],[1,-0.44389861822128296,-0.1656816154718399,0.24565783143043518],[3,0.4826867893704396,0.3818312299407926,0.7853232646986333,-0.06697570553744724],[1,-136.4725876021054,-122.97532847284302,15.272770608220688]],[1,"Bip01 L UpperArm",19,[-31],[0,"bcUpv5ULJR7reUeS98vjpW",1,0],[1,0.2602156102657318,-1.5258788721439487e-7,1.5258788721439487e-7],[3,-0.5455218559596545,0.339595139403478,-0.2574766579147254,0.7216556080243053],[1,-66.03680386312736,18.18916288180317,-47.913354998437434]],[1,"Bip01 L Forearm",20,[-32],[0,"11AAsUhU9YWIm3BKumC/7s",1,0],[1,0.6020204424858093,0,0],[3,-2.736119257991268e-19,-6.065364531294745e-18,-0.0450647199490135,0.9989840694505178],[1,-6.289900220413983e-17,-6.985838162627844e-16,-5.165785994480135]],[1,"Bip01 L Hand",21,[-33],[0,"10JKIAYMZer7SRKpEt+HIF",1,0],[1,0.152251735329628,0,0],[3,-0.057768096792191186,-0.028042937429398406,0.34484703248606724,0.9364598041768222],[1,-6.707829091401138,-0.9550960492963634,40.4745892350501]],[2,"Bip01 L Finger0",22,[[4,"Bip01 L Finger0Nub",-34,[0,"3e7bgHnDNeKYiAPNwe4Xpb",1,0],[1,0.0954495221376419,-1.4210854397564648e-16,1.4210854397564648e-16]]],[0,"574Lg1a7VXRL82Wh1F7S9Y",1,0],[1,0.17268310487270355,7.629394360719743e-8,-3.814697180359872e-8],[3,-0.0003981739786377282,-3.7134239396996213e-9,-2.9803806835872935e-8,0.9999999207287378],[1,-0.04562737818140741,-4.268868743730101e-7,-0.0000034150949857110347]],[1,"Bip01 R Clavicle",3,[-35],[0,"bcrEt5KvNX+r/h/2SbHCoh",1,0],[1,-0.44389891624450684,-0.16568022966384888,-0.24566705524921417],[3,-0.48268695421186214,-0.38183339445726555,0.7853222286866648,-0.06697432524130263],[1,136.47241160076643,122.9753797032298,15.273039196047423]],[1,"Bip01 R UpperArm",24,[-36],[0,"c4TcPW3p5TgYrE4LyEq8BS",1,0],[1,0.26021575927734375,0,-1.5258788721439487e-7],[3,0.5455218559596545,-0.339595139403478,-0.2574766579147254,0.7216556080243053],[1,66.03680386312736,-18.18916288180317,-47.913354998437434]],[1,"Bip01 R Forearm",25,[-37],[0,"a5z/fEeBVVHbpysYGP3i5j",1,0],[1,0.6020204424858093,0,-3.814697180359872e-8],[3,-6.7364077561166406e-18,4.6451024941224905e-18,-0.04506470879583921,0.9989840699536436],[1,-7.502108600200521e-16,4.989884400445681e-16,-5.165784715120766]],[1,"Bip01 R Hand",26,[-38],[0,"42K+3bcyRWXL2lcXz1vp5P",1,0],[1,0.15225189924240112,1.5258788721439487e-7,0],[3,0.05776809046063708,0.02804292871363355,0.3448469871256361,0.9364598215321708],[1,6.707828430948439,0.9550955370128899,40.47458363507875]],[2,"Bip01 R Finger0",27,[[5,"Bip01 R Finger0Nub",-39,[0,"acoRkeH2RX17vs3aoITno9",1,0],[1,0.09544937312602997,0,-7.105427198782324e-17],[3,2.1244235531251027e-33,-3.469446951953614e-17,1,-6.123234262925839e-17],[1,-1,-1,-0.9999999403953552],[1,180,180,-7.0167096047110005e-15]]],[0,"294WdoFKZXP6xdW6tUN10p",1,0],[1,0.1726829558610916,7.629394360719743e-8,3.814697180359872e-8],[3,0.00039815156869227005,1.388883701341441e-17,2.7750047849273837e-17,0.9999999207376611],[1,0.045624810190603375,1.590277269645546e-15,3.180554669586724e-15]],[1,"Bip01 Tail",2,[-40],[0,"c6oxrV+VFcQbKpyWWQNWy4",1,0],[1,-1.5058083534240723,-0.15950103104114532,-0.0000011714472520907293],[3,-3.163881205149043e-14,-0.000002773041644506738,0.9997985469388337,-0.020071510439101693],[1,179.9996820406601,179.99999361678627,-2.300180134732448]],[1,"Bip01 Tail1",29,[-41],[0,"f5Jk8SIMNWpoCIr1ckt3W2",1,0],[1,0.458443284034729,-0.0005195617559365928,-1.4406396076083183e-9],[3,6.111775780010248e-14,-3.080543496177186e-8,0.011106638351099376,0.9999383193900194],[1,3.922358914006405e-8,-0.000003530696236465485,1.2727531723638814]],[1,"Bip01 Tail2",30,[-42],[0,"33CjD8i5VZlZdhfDU4Mdd3",1,0],[1,0.652691125869751,-0.0005136108375154436,-1.4249235125163295e-9],[3,9.05925608473579e-14,-1.229881999750074e-9,0.0004434083040826369,0.9999999016945331],[1,7.287251881082338e-11,-1.4093414193645463e-7,0.050810850514971855]],[1,"Bip01 Tail3",31,[-43],[0,"4dOA3Rv+BZybKe5E+BfExM",1,0],[1,0.6450550556182861,-0.0005566406180150807,-1.5436671940705082e-9],[3,1.8069001356219186e-13,8.582280501332803e-9,-0.003094286366420929,0.9999952126844821],[1,3.063861407600117e-9,9.834710912985785e-7,-0.3545796646300046]],[1,"Bip01 Tail4",32,[-44],[0,"59X1StjyNdFokB4zV/JKdP",1,0],[1,0.6992573738098145,-0.00046829224447719753,-1.2991949738250241e-9],[3,-2.052347423946809e-13,-3.666440324336044e-8,0.013219065095708447,0.9999126243417442],[1,5.553488420783876e-8,-0.000004202532446708938,1.5148373984142043]],[1,"Bip01 Tail5",33,[-45],[0,"36cuTH7fVdCKk9i9DZKaGc",1,0],[1,0.5885461568832397,-0.0003955078136641532,-1.097796520355132e-9],[3,-2.653160692950651e-15,-1.3604697953973844e-8,0.004905035304530133,0.999987970241973],[1,7.646933279843897e-9,-0.0000015590398119753363,0.5620778965133227]],[2,"Bip01 Tail6",34,[[7,"Bip01 TailNub",-46,[0,"9fOr/W2W9Y85cqwHnkINH8",1,0],[1,0.9296615719795227,0,-2.168404296503395e-21],[3,0.7073882378915716,0.706825212404548,9.802252169545262e-7,-9.81006018173299e-7],[1,0,180.00015891557567,90]]],[0,"61hq2UPwZUCKl6lNkm64dy",1,0],[1,0.4966452121734619,-0.00074005126953125,-2.051820047199726e-9],[3,1.015541660564646e-14,-4.501074974184252e-8,0.016228301111572835,0.9998683124507098],[1,8.37484502951789e-8,-0.000005159890574267619,1.8597079588990335]],[8,"outline",1,[[9,1,-47,[3,"8cohN5gh5EPLP2XGOF8Mpw"],[4,5],[10],1,6,7]],[0,"88xKz8rHROYK8vuhAPzEL5",1,0],[3,-0.7071067811865476,0,0,0.7071067811865476],[1,-90.00000000000003,0,0]]],0,[0,4,1,0,1,1,0,1,1,0,1,1,0,-1,6,0,-2,4,0,-3,36,0,-1,8,0,-2,13,0,-3,18,0,-4,29,0,-1,5,0,-2,19,0,-3,24,0,0,4,0,-2,7,0,0,5,0,0,5,0,1,6,0,-1,9,0,-1,10,0,-1,11,0,-1,12,0,0,12,0,-1,14,0,-1,15,0,-1,16,0,-1,17,0,0,17,0,-1,20,0,-1,21,0,-1,22,0,-1,23,0,0,23,0,-1,25,0,-1,26,0,-1,27,0,-1,28,0,0,28,0,-1,30,0,-1,31,0,-1,32,0,-1,33,0,-1,34,0,-1,35,0,0,35,0,1,36,0,5,1,2,0,7,3,0,18,47],[0,0,0,0,0,0,0,0,0,0,0,0,0],[-1,-2,2,3,-1,-2,2,3,-1,-2,-3,-4,-5],[0,0,1,2,3,3,1,2,4,5,6,7,8]],[[[18,".bin",2300247671,[{"primitives":[{"primitiveMode":7,"jointMapIndex":0,"vertexBundelIndices":[0],"indexView":{"offset":167688,"length":20172,"count":10086,"stride":2}},{"primitiveMode":7,"jointMapIndex":1,"vertexBundelIndices":[1],"indexView":{"offset":211116,"length":2280,"count":1140,"stride":2}}],"vertexBundles":[{"view":{"offset":0,"length":167688,"count":2329,"stride":72},"attributes":[{"name":"a_position","format":32,"isNormalized":false},{"name":"a_normal","format":32,"isNormalized":false},{"name":"a_texCoord","format":21,"isNormalized":false},{"name":"a_tangent","format":44,"isNormalized":false},{"name":"a_joints","format":42,"isNormalized":false},{"name":"a_weights","format":44,"isNormalized":false}]},{"view":{"offset":187860,"length":23256,"count":323,"stride":72},"attributes":[{"name":"a_position","format":32,"isNormalized":false},{"name":"a_normal","format":32,"isNormalized":false},{"name":"a_texCoord","format":21,"isNormalized":false},{"name":"a_tangent","format":44,"isNormalized":false},{"name":"a_joints","format":42,"isNormalized":false},{"name":"a_weights","format":44,"isNormalized":false}]}],"jointMaps":[[0,1,2,3,4,5,6,7,8,9,10,11,12,13,14,15,16,17,18,19,20,21,22,23,24,25,26,27],[0,2,3,4,5,6,7,8,22,23,24,28,29,30]]},"minPosition",8,[1,-0.8584390878677368,-4.891281604766846,-0.014963531866669655],"maxPosition",8,[1,0.8584389686584473,4.840648651123047,3.498767614364624]]],-1],0,0,[],[],[]],[[[19,"Skin-0",3466048596,["Bip01/Bip01 Pelvis/Bip01 Spine/Bip01 Spine1/Bip01 Neck/Bip01 Head","Bip01/Bip01 Pelvis/Bip01 Spine/Bip01 Spine1/Bip01 Neck/Bip01 Head/Bone001","Bip01/Bip01 Pelvis/Bip01 Spine/Bip01 Tail/Bip01 Tail1","Bip01/Bip01 Pelvis/Bip01 Spine/Bip01 Tail","Bip01/Bip01 Pelvis","Bip01/Bip01 Pelvis/Bip01 Spine/Bip01 Spine1/Bip01 Neck","Bip01/Bip01 Pelvis/Bip01 Spine/Bip01 Spine1","Bip01/Bip01 Pelvis/Bip01 Spine","Bip01/Bip01 Pelvis/Bip01 Spine/Bip01 Spine1/Bip01 Neck/Bip01 L Clavicle/Bip01 L UpperArm","Bip01/Bip01 Pelvis/Bip01 Spine/Bip01 L Thigh","Bip01/Bip01 Pelvis/Bip01 Spine/Bip01 L Thigh/Bip01 L Calf","Bip01/Bip01 Pelvis/Bip01 Spine/Bip01 Tail/Bip01 Tail1/Bip01 Tail2","Bip01/Bip01 Pelvis/Bip01 Spine/Bip01 Tail/Bip01 Tail1/Bip01 Tail2/Bip01 Tail3","Bip01/Bip01 Pelvis/Bip01 Spine/Bip01 Tail/Bip01 Tail1/Bip01 Tail2/Bip01 Tail3/Bip01 Tail4","Bip01/Bip01 Pelvis/Bip01 Spine/Bip01 Tail/Bip01 Tail1/Bip01 Tail2/Bip01 Tail3/Bip01 Tail4/Bip01 Tail5","Bip01/Bip01 Pelvis/Bip01 Spine/Bip01 Tail/Bip01 Tail1/Bip01 Tail2/Bip01 Tail3/Bip01 Tail4/Bip01 Tail5/Bip01 Tail6","Bip01/Bip01 Pelvis/Bip01 Spine/Bip01 Spine1/Bip01 Neck/Bip01 L Clavicle/Bip01 L UpperArm/Bip01 L Forearm","Bip01/Bip01 Pelvis/Bip01 Spine/Bip01 Spine1/Bip01 Neck/Bip01 L Clavicle/Bip01 L UpperArm/Bip01 L Forearm/Bip01 L Hand","Bip01/Bip01 Pelvis/Bip01 Spine/Bip01 Spine1/Bip01 Neck/Bip01 L Clavicle/Bip01 L UpperArm/Bip01 L Forearm/Bip01 L Hand/Bip01 L Finger0","Bip01/Bip01 Pelvis/Bip01 Spine/Bip01 L Thigh/Bip01 L Calf/Bip01 L HorseLink","Bip01/Bip01 Pelvis/Bip01 Spine/Bip01 L Thigh/Bip01 L Calf/Bip01 L HorseLink/Bip01 L Foot","Bip01/Bip01 Pelvis/Bip01 Spine/Bip01 L Thigh/Bip01 L Calf/Bip01 L HorseLink/Bip01 L Foot/Bip01 L Toe0","Bip01/Bip01 Pelvis/Bip01 Spine/Bip01 Spine1/Bip01 Neck/Bip01 R Clavicle/Bip01 R UpperArm","Bip01/Bip01 Pelvis/Bip01 Spine/Bip01 R Thigh","Bip01/Bip01 Pelvis/Bip01 Spine/Bip01 R Thigh/Bip01 R Calf","Bip01/Bip01 Pelvis/Bip01 Spine/Bip01 Spine1/Bip01 Neck/Bip01 R Clavicle/Bip01 R UpperArm/Bip01 R Forearm","Bip01/Bip01 Pelvis/Bip01 Spine/Bip01 Spine1/Bip01 Neck/Bip01 R Clavicle/Bip01 R UpperArm/Bip01 R Forearm/Bip01 R Hand","Bip01/Bip01 Pelvis/Bip01 Spine/Bip01 Spine1/Bip01 Neck/Bip01 R Clavicle/Bip01 R UpperArm/Bip01 R Forearm/Bip01 R Hand/Bip01 R Finger0","Bip01/Bip01 Pelvis/Bip01 Spine/Bip01 R Thigh/Bip01 R Calf/Bip01 R HorseLink","Bip01/Bip01 Pelvis/Bip01 Spine/Bip01 R Thigh/Bip01 R Calf/Bip01 R HorseLink/Bip01 R Foot","Bip01/Bip01 Pelvis/Bip01 Spine/Bip01 R Thigh/Bip01 R Calf/Bip01 R HorseLink/Bip01 R Foot/Bip01 R Toe0"],[[[7,0.0000012142287459937506,-0.000002889210691137123,0.9999998807907104,0,-0.9954977631568909,0.09478484094142914,0.0000014826152892055688,0,-0.09478484094142914,-0.9954977631568909,-0.000002761112000371213,0,-3.110738754272461,3.253873825073242,0.000006346229383780155,1],[7,-5.96603570102161e-7,-1.2957313799688563e-7,-0.37369927763938904,0,-1.3149927854537964,-0.22086983919143677,1.8694427694754268e-7,0,-0.9653440117835999,0.3008691668510437,-2.3701453244484583e-8,0,-2.4883973598480225,-1.7067972421646118,0.0000011826329000541591,1],[7,-0.0000012184157185402,-0.0000027356920782040106,0.9999998807907104,0,0.9995163083076477,-0.031097453087568283,0.0000011327533684379887,0,0.031097449362277985,0.9995164275169373,0.0000027722580853151157,0,-0.8091902732849121,-2.2676656246185303,-0.000004084684860572452,1],[7,-0.0000012187108495709253,-0.0000027627665986074135,0.9999998807907104,0,0.9999604225158691,-0.00888861808925867,0.0000011941054935959983,0,0.008888617157936096,0.9999605417251587,0.0000027734895411413163,0,-0.3001781404018402,-2.2855992317199707,-0.000004134237315156497,1],[7,-0.0000014839124560239725,0.000002758703431027243,0.9999998807907104,0,0.07061003148555756,-0.9975038766860962,0.000002856596893252572,0,0.9975039958953857,0.07061002403497696,0.0000012854162605435704,0,-2.2554121017456055,-0.7236389517784119,-0.0000013253353472464369,1],[7,8.999271585707902e-7,-0.0000019666761090775253,0.9999998807907104,0,-0.7445313930511475,-0.6675874590873718,-6.429040126931795e-7,0,0.667587399482727,-0.7445314526557922,-0.0000020650318219850305,0,-3.894212484359741,-0.08224311470985413,-0.0000029443112907756586,1],[7,0.0000012061208281011204,-0.0000026100663035322214,0.9999998807907104,0,-0.9909329414367676,-0.1343570053577423,8.445041999038949e-7,0,0.13435699045658112,-0.9909330606460571,-0.0000027484511520015076,0,-2.5438480377197266,1.8840641975402832,0.00000669741984893335,1],[7,0.0000012177183634776156,-0.0000027355251859262353,0.9999998807907104,0,-0.9995114207267761,-0.03125188499689102,0.0000011316333257127553,0,0.03125188127160072,-0.9995115399360657,-0.0000027722446702682646,0,-1.2976045608520508,2.1363041400909424,0.000007399650257866597,1],[7,0.06750252097845078,-0.08672740310430527,0.993942379951477,0,0.25514107942581177,0.9645907282829285,0.06683867424726486,0,-0.9645447134971619,0.2490837574005127,0.08724003285169601,0,2.7405717372894287,1.855984091758728,-0.4832080602645874,1],[7,0.15154042840003967,0.1878214329481125,-0.9704423546791077,0,-0.48295858502388,-0.8425413966178894,-0.23848411440849304,0,-0.8624305725097656,0.5048234462738037,-0.03696911782026291,0,1.6529216766357422,-1.709556221961975,0.33336392045021057,1],[7,-0.12722201645374298,0.20507532358169556,-0.9704424142837524,0,0.6357181668281555,-0.7341575622558594,-0.23848401010036469,0,-0.7613648772239685,-0.6472683548927307,-0.03696911036968231,0,1.8400325775146484,0.08232610672712326,0.3333640694618225,1],[7,-0.0000012183913895569276,-0.0000027346111437509535,0.9999998807907104,0,0.9994882941246033,-0.03198383003473282,0.0000011303046676403028,0,0.03198382630944252,0.9994884133338928,0.0000027721805508917896,0,-1.4638912677764893,-2.265854597091675,-0.000004079681275470648,1],[7,-0.0000012185407740616938,-0.0000027421535833127564,0.9999998807907104,0,0.9996670484542847,-0.02579783834517002,0.0000011473935046524275,0,0.025797834619879723,0.9996671676635742,0.000002772676225504256,0,-2.0948870182037354,-2.278305768966675,-0.000004114082003070507,1],[7,-0.0000012175768233646522,-0.0000027099363251181785,0.9999998807907104,0,0.9986357092857361,-0.05221584066748619,0.000001074414285540115,0,0.052215833216905594,0.9986358284950256,0.00000276981586466718,0,-2.853384494781494,-2.2031757831573486,-0.000003906510755768977,1],[7,-0.0000012170025911473203,-0.000002697988065847312,0.9999998807907104,0,0.9980754256248474,-0.06200990080833435,0.000001047358637151774,0,0.062009893357753754,0.998075544834137,0.0000027682617655955255,0,-3.463374137878418,-2.1689090728759766,-0.000003811834858424845,1],[7,-0.000001214268650073791,-0.0000026584991701383842,0.9999998807907104,0,0.9955373406410217,-0.094367116689682,9.57974975790421e-7,0,0.09436710178852081,0.9955374598503113,0.000002761222276603803,0,-4.028295993804932,-2.038515329360962,-0.00000345156695402693,1],[7,0.07503708451986313,-0.08029747754335403,0.993942379951477,0,0.16725507378578186,0.9836453199386597,0.06683879345655441,0,-0.9830540418624878,0.1612265259027481,0.08724003285169601,0,1.9627562761306763,2.0409963130950928,-0.4832077920436859,1],[7,0.017553431913256645,-0.2356482893228531,0.9716797471046448,0,0.766554594039917,0.6271234154701233,0.13823986053466797,0,-0.6419392228126526,0.7424190640449524,0.19164541363716125,0,2.695754051208496,0.44008636474609375,-0.46509850025177,1],[7,0.017553431913256645,-0.23642195761203766,0.9714917540550232,0,0.766554594039917,0.6270131468772888,0.1387391984462738,0,-0.6419392228126526,0.7422661781311035,0.1922365427017212,0,2.523071050643921,0.4404566287994385,-0.46474790573120117,1],[7,0.13271881639957428,0.2015618234872818,-0.9704423546791077,0,-0.3994448482990265,-0.8851943016052246,-0.2384842336177826,0,-0.9070994853973389,0.41928955912590027,-0.03696911409497261,0,0.39774155616760254,-0.663788378238678,0.33336395025253296,1],[7,-3.046150709451467e-8,0.23015816509723663,-0.9731531143188477,0,0.021866630762815475,-0.9729203581809998,-0.23010313510894775,0,-0.9997608661651611,-0.021279586479067802,-0.005032754503190517,0,0.24692045152187347,-0.6201245188713074,0.33157220482826233,1],[7,0.23015864193439484,-1.426339379939634e-9,-0.9731529951095581,0,-0.9729202389717102,-0.021866587921977043,-0.23010361194610596,0,-0.021279534325003624,0.9997608661651611,-0.005032785702496767,0,-0.9575365781784058,-0.06628791987895966,0.3319363296031952,1],[7,-0.06750312447547913,0.0867251455783844,0.9939426183700562,0,0.25514093041419983,0.9645909070968628,-0.06683635711669922,0,-0.9645447134971619,0.2490837275981903,-0.08724004030227661,0,2.7405714988708496,1.8559843301773071,0.4832107424736023,1],[7,-0.1515393853187561,-0.18781927227973938,-0.9704429507255554,0,-0.48295894265174866,-0.8425418734550476,0.23848173022270203,0,-0.8624305725097656,0.5048234462738037,0.03696928173303604,0,1.652921438217163,-1.7095564603805542,-0.33336570858955383,1],[7,0.12722037732601166,-0.20507365465164185,-0.9704429507255554,0,0.6357185244560242,-0.7341580390930176,0.23848168551921844,0,-0.7613648772239685,-0.6472683548927307,0.036969274282455444,0,1.8400328159332275,0.08232571929693222,-0.333365797996521,1],[7,-0.07503747195005417,0.08029522746801376,0.9939425587654114,0,0.16725490987300873,0.9836454391479492,-0.06683652102947235,0,-0.9830540418624878,0.16122651100158691,-0.08724004775285721,0,1.9627560377120972,2.040996551513672,0.48321041464805603,1],[7,-0.01755528710782528,0.23564676940441132,0.9716801047325134,0,0.7665545344352722,0.6271240711212158,-0.13823752105236053,0,-0.6419392824172974,0.7424190044403076,-0.19164542853832245,0,2.695754051208496,0.44008705019950867,0.46510130167007446,1],[7,-0.01755528710782528,0.23642045259475708,0.9714921712875366,0,0.7665545344352722,0.6270137429237366,-0.13873687386512756,0,-0.6419392824172974,0.7422661781311035,-0.19223655760288239,0,2.523071050643921,0.4404573440551758,0.4647506773471832,1],[7,-0.13271798193454742,-0.20155958831310272,-0.9704428911209106,0,-0.39944514632225037,-0.8851947784423828,0.23848184943199158,0,-0.9070994257926941,0.41928955912590027,0.036969274282455444,0,0.39774125814437866,-0.6637887358665466,-0.33336567878723145,1],[7,-6.591828749513695e-10,-0.2301567792892456,-0.9731534123420715,0,0.021866630762815475,-0.9729206562042236,0.23010174930095673,0,-0.9997608661651611,-0.021279586479067802,0.005032754503190517,0,0.24692046642303467,-0.6201252341270447,-0.3315732777118683,1],[7,-0.23015624284744263,5.523854440525611e-8,-0.9731535315513611,0,-0.9729207754135132,-0.021866586059331894,0.23010121285915375,0,-0.021279532462358475,0.9997608661651611,0.005032785702496767,0,-0.9575369954109192,-0.06628791987895966,-0.3319380283355713,1]],8,8,8,8,8,8,8,8,8,8,8,8,8,8,8,8,8,8,8,8,8,8,8,8,8,8,8,8,8,8,8]]],0,0,[],[],[]],[[[20,"niulong_3",[{"rasterizerState":{},"blendState":{"targets":[{}]},"depthStencilState":{}}],[{"USE_ALBEDO_MAP":true}],[[[{"metallic":0.4000000059604645,"roughness":0.7071067690849304},"mainTexture",6,0]],11]]],0,0,[0,0],[6,7],[9,10]]]]
