[1,["31WG8WH0lJCbqZoSMSkhF9@aa5da","31WG8WH0lJCbqZoSMSkhF9@438fe","83kv4ghYNLJJA16yvb9vmF@8a22c","31WG8WH0lJCbqZoSMSkhF9@d4958","1brw/JvvpFnIvdrxpFCgMZ","31WG8WH0lJCbqZoSMSkhF9@b22d1","1eA8oB4ztLT5NC3g1bKoxG","434Y1OjTpMerYoECAkmsuP@853dc","d0ANuJMxJD+KntjTs9715w@79bd1","5dYA1slt9Ow5d17blI3+F7@aac31"],["_parent","node","_mesh","_skeleton","mainTexture","_effectAsset","root","data"],[["cc.Node",["_name","_prefab","_lrot","_euler","_parent","_lpos","_children","_components","_lscale"],2,4,5,5,1,5,2,9,5],["cc.SkinnedMeshRenderer",["_shadowCastingMode","_shadowReceivingMode","node","__prefab","_materials","lightmapSettings","_skinningRoot","_mesh","_skeleton"],1,1,4,3,4,1,6,6],["cc.Skeleton",["_name","_hash","_joints","_bindposes"],0,12],["cc.Mesh",["_native","_hash","_struct"],1,11],["cc.Material",["_name","_states","_defines","_props"],0,12],["cc.Prefab",["_name"],2],["cc.Node",["_name","_parent","_children","_prefab","_lpos","_lrot","_euler"],2,1,12,4,5,5,5],["cc.Node",["_name","_parent","_children","_prefab","_lpos","_lrot","_euler"],2,1,9,4,5,5,5],["cc.SkeletalAnimation",["playOnLoad","node","__prefab","_clips"],2,1,4,3],["cc.CompPrefabInfo",["fileId"],2],["cc.BoxCollider",["node","__prefab","_center"],3,1,4,5],["14101B0SwVDw5jlZfSNI/EI",["node","__prefab"],3,1,4],["cc.PrefabInfo",["fileId","root","asset"],2,1,1],["cc.ModelLightmapSettings",[],3]],[[12,0,1,2,2],[0,0,4,6,1,5,2,3,2],[7,0,1,2,3,4,5,6,2],[9,0,2],[0,0,4,1,5,2,3,2],[0,0,4,1,5,2],[0,0,4,7,1,2,3,2],[13,1],[2,0,1,2,3,4],[3,0,1,2,3],[4,0,1,2,3,4],[5,0,2],[0,0,6,7,1,2],[0,0,6,1,2,3,2],[0,0,4,1,5,2,8,3,2],[6,0,1,2,3,4,5,6,2],[8,0,1,2,3,2],[10,0,1,2,1],[11,0,1,1],[1,0,2,3,4,5,6,7,8,2],[1,1,2,3,4,5,6,7,8,2]],[[[[8,"Skin-0",1709714369,["Bip001/Bip001 Pelvis/Bip001 R Thigh/Bip001 R Calf/Bip001 R Foot","Bip001/Bip001 Pelvis/Bip001 R Thigh/Bip001 R Calf","Bip001/Bip001 Pelvis/Bip001 R Thigh","Bip001/Bip001 Pelvis/Bip001 L Thigh/Bip001 L Calf/Bip001 L Foot","Bip001/Bip001 Pelvis/Bip001 L Thigh/Bip001 L Calf","Bip001/Bip001 Pelvis/Bip001 L Thigh","Bip001/Bip001 Pelvis","Bip001/Bip001 Pelvis/Bip001 Spine/Bip001 R Clavicle/Bip001 R UpperArm/Bip001 R Forearm","Bip001/Bip001 Pelvis/Bip001 Spine/Bip001 R Clavicle","Bip001/Bip001 Pelvis/Bip001 Spine","Bip001/Bip001 Pelvis/Bip001 Spine/Bip001 R Clavicle/Bip001 R UpperArm","Bip001/Bip001 Pelvis/Bip001 Spine/Bip001 Neck","Bip001/Bip001 Pelvis/Bip001 Spine/Bip001 L Clavicle","Bip001/Bip001 Pelvis/Bip001 Spine/Bip001 Neck/Bip001 Head","Bip001/Bip001 Pelvis/Bip001 Spine/Bip001 L Clavicle/Bip001 L UpperArm","Bip001/Bip001 Pelvis/Bip001 Spine/Bip001 L Clavicle/Bip001 L UpperArm/Bip001 L Forearm","Bip001/Bip001 Pelvis/Bip001 Spine/Bip001 R Clavicle/Bip001 R UpperArm/Bip001 R Forearm/Bip001 R Hand","Bip001/Bip001 Pelvis/Bip001 Spine/Bip001 L Clavicle/Bip001 L UpperArm/Bip001 L Forearm/Bip001 L Hand"],[[[7,4.371138828673793e-8,0.000001370906943520822,-1,0,-6.123234262925839e-17,-1,-0.000001370906943520822,0,-1,5.998547741425247e-14,-4.371139183945161e-8,0,0.11013950407505035,0.06948202848434448,-0.16309754550457,1],[7,-0.07598359882831573,-0.055427078157663345,-0.9955674409866333,0,0.149541437625885,-0.9877946376800537,0.0435810461640358,0,-0.9858315587043762,-0.1455671340227127,0.08334483206272125,0,0.32904213666915894,0.07562641054391861,-0.1745823472738266,1],[7,-0.08515015989542007,-0.03993905708193779,-0.9955673813819885,0,-0.04135135933756828,-0.9981938004493713,0.043581172823905945,0,-0.995509684085846,0.0448790080845356,0.08334482461214066,0,0.7240689396858215,0.011565889231860638,-0.1745823472738266,1],[7,4.371138828673793e-8,0.000001370906943520822,-1,0,-6.123234262925839e-17,-1,-0.000001370906943520822,0,-1,5.998547741425247e-14,-4.371139183945161e-8,0,0.11013948917388916,0.06948202848434448,0.1630975753068924,1],[7,0.07598301768302917,0.05542977526783943,-0.9955673217773438,0,0.14954164624214172,-0.9877943992614746,-0.04358379542827606,0,-0.9858315587043762,-0.1455671489238739,-0.08334466814994812,0,0.3290421664714813,0.0756264179944992,0.1745823621749878,1],[7,0.0851501002907753,0.03994179889559746,-0.9955673217773438,0,-0.04135112836956978,-0.9981936812400818,-0.04358389973640442,0,-0.995509684085846,0.0448790043592453,-0.08334466069936752,0,0.7240689992904663,0.011565888300538063,0.1745823621749878,1],[7,0.0000013868000223737909,0.0000027577070795814507,1,0,6.123234262925839e-17,-1,0.0000027577070795814507,0,1,-3.8243271396898315e-12,-0.0000013868001360606286,0,-0.7348491549491882,0.049094926565885544,8.836994425109879e-7,1],[7,-0.7620920538902283,-0.15448512136936188,0.6287687420845032,0,-0.13615694642066956,0.9876410961151123,0.07763063907623291,0,-0.6329906582832336,-0.026449548080563545,-0.7737075090408325,0,0.265121728181839,-0.12341898679733276,1.012830138206482,1],[7,-0.9647336602210999,0.07334139198064804,0.25280436873435974,0,0.07094597071409225,0.9973069429397583,-0.01859108917415142,0,-0.2534870505332947,1.309942265770303e-9,-0.9673388004302979,0,0.23201018571853638,-0.044205665588378906,1.1547656059265137,1],[7,1.0916177961561857e-9,-0.0000014026936696609482,1,0,-0.000796317879576236,-0.9999997019767761,-0.0000014026923054188956,0,0.9999996423721313,-0.0007963179377838969,-2.208607741138735e-9,0,-0.8474839329719543,0.05005805566906929,7.153645498192418e-8,1],[7,-0.7775924801826477,-0.00000135903530917858,0.6287686824798584,0,0.06277114152908325,0.9950041770935059,0.07763062417507172,0,-0.6256276369094849,0.09983351081609726,-0.7737075686454773,0,0.5331051349639893,-0.17363037168979645,1.012830138206482,1],[7,5.229229600445251e-7,-0.0000015063444607221754,1,0,-0.3814430832862854,-0.9243923425674438,-0.0000011929879519811948,0,0.9243922829627991,-0.3814431130886078,-0.0000010579707350188983,0,-1.1239402294158936,0.5235942006111145,0.0000013765194353254628,1],[7,0.9647335410118103,-0.0733441412448883,0.25280430912971497,0,0.07094863057136536,0.9973068237304688,0.018591785803437233,0,-0.2534870505332947,1.309931940696174e-9,0.9673388004302979,0,0.23201008141040802,-0.04420565441250801,-1.1547657251358032,1],[7,1.062203196511291e-7,-0.0000014068144764678436,1,0,-0.07747901976108551,-0.9969940185546875,-0.0000013943557632956072,0,0.9969939589500427,-0.07747902721166611,-2.1489964296961261e-7,0,-1.2933262586593628,0.11507340520620346,2.6202445724266e-7,1],[7,0.7775923013687134,-0.0000013642155636262032,0.6287688612937927,0,0.06277326494455338,0.9950041770935059,-0.07762891054153442,0,-0.6256275773048401,0.09983351081609726,0.7737075686454773,0,0.5331049561500549,-0.17363037168979645,-1.0128302574157715,1],[7,0.7620924115180969,0.1544824242591858,0.6287689805030823,0,-0.1361548751592636,0.987641453742981,-0.07762891799211502,0,-0.6329906582832336,-0.026449544355273247,0.7737075090408325,0,0.2651216387748718,-0.12341900914907455,-1.0128302574157715,1],[7,-0.7709357738494873,0.6286876797676086,0.10202889144420624,0,-0.06767963618040085,0.07842264324426651,-0.9946202635765076,0,-0.6333069205284119,-0.7736935019493103,-0.017909469082951546,0,0.028452321887016296,1.0127297639846802,0.12648838758468628,1],[7,0.7709359526634216,-0.628687858581543,0.10202617943286896,0,-0.06767753511667252,0.07842092961072922,0.9946205019950867,0,-0.6333069205284119,-0.7736935019493103,0.017909469082951546,0,0.028452225029468536,1.0127297639846802,-0.12648841738700867,1]],8,8,8,8,8,8,8,8,8,8,8,8,8,8,8,8,8,8]]],0,0,[],[],[]],[[[9,".bin",1984161864,[{"primitives":[{"primitiveMode":7,"jointMapIndex":0,"vertexBundelIndices":[0],"indexView":{"offset":37440,"length":5868,"count":1467,"stride":4}}],"vertexBundles":[{"view":{"offset":0,"length":37440,"count":468,"stride":80},"attributes":[{"name":"a_position","format":32,"isNormalized":false},{"name":"a_normal","format":32,"isNormalized":false},{"name":"a_texCoord","format":21,"isNormalized":false},{"name":"a_tangent","format":44,"isNormalized":false},{"name":"a_joints","format":42,"isNormalized":false},{"name":"a_weights","format":44,"isNormalized":false},{"name":"a_texCoord1","format":21,"isNormalized":false}]}],"jointMaps":[[0,1,2,3,4,5,6,7,8,9,10,11,12,13,14,15,16,17]]},"minPosition",8,[1,-0.7639688849449158,-0.7369098663330078,0.0017341232160106301],"maxPosition",8,[1,0.7639687061309814,0.8128339052200317,1.609588623046875]]],-1],0,0,[],[],[]],[[[10,"ELF_WoodElf_Standard_Units",[{"rasterizerState":{},"blendState":{"targets":[{}]},"depthStencilState":{}}],[{"HAS_SECOND_UV":true,"USE_ALBEDO_MAP":true}],[[[{"metallic":0.4000000059604645,"roughness":0.7071067690849304},"mainTexture",6,0]],11]]],0,0,[0,0],[4,5],[3,4]],[[[11,"ELF_SM_archer_A"],[12,"ELF_SM_archer_A",[-5,-6,-7],[[16,true,-2,[3,"36k6zlxwFcl7rWH0+sG241"],[6,7,8,9,10]],[17,-3,[3,"4arztHaytJSpoTSlAr9P4+"],[1,0,0.5,0]],[18,-4,[3,"364zge66FDtZwxfgw+gMto"]]],[0,"48kxnD98xc7JTvQMSpNbKK",-1,0]],[13,"Bip001 Pelvis",[-8,-9,-10],[0,"2c7BWgzA1URYeqqAQACJI0",1,0],[3,-0.49999999254917427,-0.49999999254917427,-0.49999930709576956,0.5000007078049009],[1,-89.99991974527727,-89.99991974527727,-0.0000017074910602964197]],[1,"Bip001 Spine",2,[-11,-12,-13],[0,"774Kz7rd1YpIF8LOUz+lcz",1,0],[1,0.11267442256212234,-0.00028824852779507637,1.5665666808217793e-7],[3,-0.0000020804759106073234,-6.936759723456755e-7,0.0003981589901667566,0.9999999207323014],[1,-0.00023837338537102524,-0.00007939450691674307,0.045625660794268615]],[15,"Bip001",1,[[[4,"Bip001 Footsteps",-14,[0,"49nhL5WjlYI5iWJkrOePXx",1,0],[1,0,0,-0.7292471528053284],[3,-6.921397640638599e-34,6.9214068241883725e-34,0.7071063043492204,0.7071072580235531],[1,0,-1.12165974437555e-31,90]],2],4,1],[0,"2dTWbPUmxfGo11ldh9w/HX",1,0],[1,0,0.7348491549491882,-0.049094922840595245],[3,-0.5000003576277408,-0.49999964237200345,-0.49999964237200345,0.5000003576277408],[1,-90,-89.99991803772996,0]],[1,"Bip001 Neck",3,[-15],[0,"9fLE9VjRJZK4tIAuGW3nU6",1,0],[1,0.39115479588508606,-0.006215530447661877,-8.822271801989245e-9],[3,-4.028293815414386e-14,-5.381936517338375e-7,0.19404153216824827,0.980993314856686],[1,0.000012941566843976565,-0.00006542720536133095,22.37747602853505]],[2,"Bip001 Head",5,[[5,"Bip001 HeadNub",-16,[0,"e58oFW08tT6ZEcX111PZxF",1,0],[1,0.24751396477222443,-1.2111663671987571e-8,3.442341856040108e-22]]],[0,"e3svpMbjtSSKtOEKgxjZy3",1,0],[1,0.07070934772491455,0.01492205448448658,2.281424826833245e-8],[3,-2.580095358709386e-13,4.333929156599356e-7,-0.1562571336110293,0.9877164108161194],[1,0.00000815860093044243,0.00005157149249949425,-17.9794263075765]],[1,"Bip001 L Clavicle",3,[-17],[0,"bd7Hy57uNU54sXDNY5lN6j",1,0],[1,0.32833781838417053,0.000026666855774237774,0.06485968083143234],[3,0.6105240702476109,-0.029295458098322614,0.7911469494603389,-0.022105206235175996],[1,178.88775352836151,-104.72502310679229,-4.056956589120472]],[1,"Bip001 L UpperArm",7,[-18],[0,"a4E8FxflJXCK6MMHZIWtoX",1,0],[1,0.16319331526756287,3.027915917996893e-9,-9.689330937590057e-8],[3,0.06110930110952758,0.2080645426054533,-0.010171064243359618,0.9761512940525388],[1,7.096348841317335,24.045021948025962,0.3192745067808855]],[2,"Bip001 L Forearm",8,[[4,"Bip001 L Hand",-19,[0,"3cx9jo1DVc9op7HuEZAWoC",1,0],[1,0.22806447744369507,0,-1.804778527019556e-16],[3,-0.706403848585358,-0.024401998046370953,0.02442141612197132,0.7069665760343534],[1,-89.95437580026294,-0.0000016851639261496392,3.9568730617280092]]],[0,"42h8fct0Zd3asHf4zYdIyt",1,0],[1,0.29778778553009033,-1.2111663671987571e-8,0],[3,-7.314078108556907e-18,6.611260802543863e-17,-0.09983344231694688,0.9950041627024225],[1,-7.91901247825691e-17,7.606039538177864e-15,-11.459158858964821]],[1,"Bip001 R Clavicle",3,[-20],[0,"b8Uarv18xe5LMxSzCdM/kK",1,0],[1,0.32833781838417053,0.00002702717756619677,-0.06485966593027115],[3,-0.6105241412042453,0.029293249545806557,0.7911470237754464,-0.02210351350169153],[1,-178.88783590336212,104.72501595734157,-4.05664826955602]],[1,"Bip001 R UpperArm",10,[-21],[0,"11vK5cfR1fT53H26O9uRdi",1,0],[1,0.16319331526756287,3.027915917996893e-9,9.689330937590057e-8],[3,-0.061109297409147126,-0.20806454269026628,-0.010171046552376587,0.9761512944504455],[1,-7.096348003356421,-24.045021833125208,0.31927639760462706]],[2,"Bip001 R Forearm",11,[[4,"Bip001 R Hand",-22,[0,"f6jYvasrpXOoaSSOWLRuOd",1,0],[1,0.22806452214717865,0,-1.804778527019556e-16],[3,0.7064038485535311,0.024402020397013224,0.024421395631774458,0.7069665760025011],[1,89.95437568013259,0.000005162771592552397,3.956873211184034]]],[0,"0dS5iX1QFVcK9xlmBxKWxU",1,0],[1,0.2977878451347351,0,-1.804778527019556e-16],[3,-2.0862763703974086e-17,7.008715146279472e-17,-0.09983341281165609,0.9950041656628266],[1,-1.6090247944930024e-15,7.910279965560377e-15,-11.459155460931534]],[1,"Bip001 L Thigh",2,[-23],[0,"a3pf7tdw9SbKigjQb6kHUm",1,0],[1,-1.4533996761656454e-7,1.8773079091261025e-7,0.11169194430112839],[3,0.021586546144980415,0.9986579769317063,0.020908120506849242,-0.04217957601817761],[1,-2.499946453961049,-175.1112378338832,2.369934234952371]],[1,"Bip001 L Calf",13,[-24],[0,"46RMA8UQlV0Ze3ys6YM8v/",1,0],[1,0.38664594292640686,1.5139579589984464e-9,-2.255973158774445e-17],[3,5.7037309994411215e-18,-1.3182951461626057e-17,-0.09567884596334901,0.9954122555178441],[1,5.155014121586295e-16,-1.4680674989137453e-15,-10.980785612516506]],[1,"Bip001 L Foot",14,[-25],[0,"8cTvXQVLFRjLMkKID38oSG",1,0],[1,0.24324631690979004,0,1.2111663671987571e-8],[3,0.024848637862462362,-0.03998625612389364,0.0740629054904687,0.9961417221198421],[1,3.211694113566405,-4.83243799976834,8.370119628164197]],[2,"Bip001 L Toe0",15,[[14,"Bip001 L Toe0Nub",-26,[0,"2avjcY1vtVT5qn+GT6LJxX",1,0],[1,0.010443560779094696,0,-2.255973158774445e-17],[3,-9.55343897252655e-16,-3.751331027858809e-19,1,1.8375892746737375e-15],[1,-0.9999999403953552,-1,-0.9999999403953552],[1,180,179.9999999999999,2.1057221983462265e-13]]],[0,"9bQZcbbJZdUrkMxcCqEI/x",1,0],[1,0.10453751683235168,0.233274906873703,1.2111663671987571e-8],[3,1.5454310096341944e-8,1.5454310096341944e-8,0.7071067811865474,0.7071067811865474],[1,0,0.0000025044781562438674,90]],[1,"Bip001 R Thigh",2,[-27],[0,"d8+kVLoHpdgbhOiPAcdNUc",1,0],[1,1.4533996761656454e-7,-1.2111664204894623e-7,-0.11169194430112839],[3,0.021586518813419178,0.9986578858556802,-0.020909475238881797,0.042181074773126846],[1,2.5001051057393338,175.11106273564232,2.3699207312662733]],[1,"Bip001 R Calf",17,[-28],[0,"7bAl+P6dBZpLP+Tlk6wMBj",1,0],[1,0.3866459131240845,-1.5139579589984464e-9,4.51194631754889e-17],[3,2.8311187754603605e-18,-6.807321899640547e-18,-0.09567884596334901,0.9954122555178441],[1,2.52929406052462e-16,-7.593453178836397e-16,-10.980785612516506]],[1,"Bip001 R Foot",18,[-29],[0,"c9O6FHQP9e/pN/JhLRta1e",1,0],[1,0.24324630200862885,1.1279865793872226e-17,1.2111663671987571e-8],[3,-0.024848639656236873,0.03998633796945308,0.07406289783461506,0.9961417193589305],[1,-3.211694971085903,4.832447442846535,8.37011847729248]],[2,"Bip001 R Toe0",19,[[5,"Bip001 R Toe0Nub",-30,[0,"56NJ87/VhQl7lj1T9oBMxp",1,0],[1,0.010443560779094696,0,2.255973158774445e-17]]],[0,"1fYPSUkwJXu6Qm10tDkWAC",1,0],[1,0.10453751683235168,0.233274906873703,1.2111663671987571e-8],[3,-1.5454308319985075e-8,-1.5454308319985075e-8,0.7071067811865474,0.7071067811865474],[1,0,-0.0000025044778683729144,90]],[6,"ELF_Archer_A",1,[[19,1,-31,[3,"a9HUCxKdhQ/LLBiHpVaPsP"],[0],[7],1,1,2]],[0,"33r5VMdcZTtJUqyte2VA3N",1,0],[3,-0.7071067811865475,0,0,0.7071067811865476],[1,-90,0,0]],[6,"outline",1,[[20,0,-32,[3,"f7T57Up8BAEKCx7OztGIGd"],[3],[7],1,4,5]],[0,"eaP0wIuUxNlZdkh3/sJUEJ",1,0],[3,-0.7071067811865476,0,0,0.7071067811865476],[1,-90.00000000000003,0,0]]],0,[0,6,1,0,1,1,0,1,1,0,1,1,0,-1,4,0,-2,21,0,-3,22,0,-1,3,0,-2,13,0,-3,17,0,-1,5,0,-2,7,0,-3,10,0,0,4,0,-1,6,0,0,6,0,-1,8,0,-1,9,0,0,9,0,-1,11,0,-1,12,0,0,12,0,-1,14,0,-1,15,0,-1,16,0,0,16,0,-1,18,0,-1,19,0,-1,20,0,0,20,0,1,21,0,1,22,0,7,1,2,0,4,32],[0,0,0,0,0,0,0,0,0,0,0],[-1,2,3,-1,2,3,-1,-2,-3,-4,-5],[5,0,1,6,0,1,2,7,8,9,2]]]]
