[1,["72XXvXsIlFmrfcIEsuewtH@1b088","72XXvXsIlFmrfcIEsuewtH@438fe","72XXvXsIlFmrfcIEsuewtH@ab932","1brw/JvvpFnIvdrxpFCgMZ","72XXvXsIlFmrfcIEsuewtH@361c7","1eA8oB4ztLT5NC3g1bKoxG","d8Gc8IymVOFYsRIRg8eAae@8a22c","2f3Vxe7htIwpu7oe+2/Ab/@05e57","6fiThYDxVMFYdf4ZkU2He0@81e2e","2aYq/wAQ9E27nsLFxaVN3T@ebb6c","42NKqUmSZCA7fn5MxNWRCv@938d1"],["_parent","node","_mesh","_skeleton","mainTexture","_effectAsset","root","data"],[["cc.Node",["_name","_prefab","_lrot","_euler","_parent","_lpos","_children","_components","_lscale"],2,4,5,5,1,5,2,9,5],["cc.Mesh",["_native","_hash","_struct"],1,11],["cc.Material",["_name","_states","_defines","_props"],0,12],["cc.Skeleton",["_name","_hash","_joints","_bindposes"],0,12],["cc.Prefab",["_name"],2],["cc.Node",["_name","_parent","_children","_prefab","_lpos","_lrot","_euler"],2,1,12,4,5,5,5],["cc.Node",["_name","_parent","_children","_prefab","_lpos","_lrot","_euler"],2,1,9,4,5,5,5],["cc.SkeletalAnimation",["node","__prefab","_clips"],3,1,4,3],["cc.CompPrefabInfo",["fileId"],2],["c20db9gKGVMM6j6TBE2jgkc",["node","__prefab"],3,1,4],["cc.BoxCollider",["_isTrigger","node","__prefab","_center","_size"],2,1,4,5,5],["cc.PrefabInfo",["fileId","root","asset"],2,1,1],["cc.SkinnedMeshRenderer",["_shadowCastingMode","node","__prefab","_materials","lightmapSettings","_skinningRoot","_mesh","_skeleton"],2,1,4,3,4,1,6,6],["cc.ModelLightmapSettings",[],3]],[[11,0,1,2,2],[0,0,4,6,1,5,2,3,2],[6,0,1,2,3,4,5,6,2],[8,0,2],[0,0,4,1,5,2,3,2],[0,0,4,1,5,2],[0,0,6,1,5,2,3,2],[0,0,4,7,1,2,3,2],[0,0,4,1,5,2,8,3,2],[12,0,1,2,3,4,5,6,7,2],[13,1],[1,0,1,2,3],[2,0,1,2,3,4],[3,0,1,2,3,4],[4,0,2],[0,0,6,7,1,2],[0,0,4,6,1,2,3,2],[5,0,1,2,3,4,5,6,2],[7,0,1,2,1],[9,0,1,1],[10,0,1,2,3,4,2]],[[[[11,".bin",2737773060,[{"primitives":[{"primitiveMode":7,"jointMapIndex":0,"vertexBundelIndices":[0],"indexView":{"offset":186984,"length":47832,"count":11958,"stride":4}}],"vertexBundles":[{"view":{"offset":0,"length":186984,"count":2597,"stride":72},"attributes":[{"name":"a_position","format":32,"isNormalized":false},{"name":"a_normal","format":32,"isNormalized":false},{"name":"a_texCoord","format":21,"isNormalized":false},{"name":"a_tangent","format":44,"isNormalized":false},{"name":"a_joints","format":42,"isNormalized":false},{"name":"a_weights","format":44,"isNormalized":false}]}],"jointMaps":[[0,1,2,3,4,5,6,7,8,9,10,11,12,13,14,15,16,17,18,19,20,21,22,23,24,25,26,27,28,29]]},"minPosition",8,[1,-1.1494193077087402,-3.5521938800811768,-0.009724187664687634],"maxPosition",8,[1,1.1494193077087402,4.009448051452637,2.7754080295562744]]],-1],0,0,[],[],[]],[[[12,"sanjiaolong_3",[{"rasterizerState":{},"blendState":{"targets":[{}]},"depthStencilState":{}}],[{"USE_ALBEDO_MAP":true}],[[[{"metallic":0.4000000059604645,"roughness":0.7071067690849304},"mainTexture",6,0]],11]]],0,0,[0,0],[4,5],[2,3]],[[[13,"Skin-0",2463331207,["Bip01/Bip01 Pelvis/Bip01 Spine/Bip01 Spine1/Bip01 Spine2/Bip01 Neck/Bip01 Head","Bip01/Bip01 Pelvis/Bip01 Spine/Bip01 Tail","Bip01/Bip01 Pelvis","Bip01/Bip01 Pelvis/Bip01 Spine","Bip01/Bip01 Pelvis/Bip01 Spine/Bip01 Spine1/Bip01 Spine2/Bip01 Neck/Bip01 Head/Bone001","Bip01/Bip01 Pelvis/Bip01 Spine/Bip01 Tail/Bip01 Tail1/Bip01 Tail2","Bip01/Bip01 Pelvis/Bip01 Spine/Bip01 Spine1/Bip01 Spine2","Bip01/Bip01 Pelvis/Bip01 Spine/Bip01 Spine1","Bip01/Bip01 Pelvis/Bip01 Spine/Bip01 Tail/Bip01 Tail1","Bip01/Bip01 Pelvis/Bip01 Spine/Bip01 L Thigh","Bip01/Bip01 Pelvis/Bip01 Spine/Bip01 L Thigh/Bip01 L Calf","Bip01/Bip01 Pelvis/Bip01 Spine/Bip01 L Thigh/Bip01 L Calf/Bip01 L HorseLink","Bip01/Bip01 Pelvis/Bip01 Spine/Bip01 Spine1/Bip01 Spine2/Bip01 Neck","Bip01/Bip01 Pelvis/Bip01 Spine/Bip01 Spine1/Bip01 Spine2/Bip01 Neck/Bip01 L Clavicle/Bip01 L UpperArm/Bip01 L Forearm/Bip01 L Hand","Bip01/Bip01 Pelvis/Bip01 Spine/Bip01 Spine1/Bip01 Spine2/Bip01 Neck/Bip01 L Clavicle/Bip01 L UpperArm/Bip01 L Forearm","Bip01/Bip01 Pelvis/Bip01 Spine/Bip01 Spine1/Bip01 Spine2/Bip01 Neck/Bip01 L Clavicle/Bip01 L UpperArm","Bip01/Bip01 Pelvis/Bip01 Spine/Bip01 Spine1/Bip01 Spine2/Bip01 Neck/Bip01 L Clavicle/Bip01 L UpperArm/Bip01 L Forearm/Bip01 L Hand/Bip01 L Finger0","Bip01/Bip01 Pelvis/Bip01 Spine/Bip01 L Thigh/Bip01 L Calf/Bip01 L HorseLink/Bip01 L Foot","Bip01/Bip01 Pelvis/Bip01 Spine/Bip01 L Thigh/Bip01 L Calf/Bip01 L HorseLink/Bip01 L Foot/Bip01 L Toe0","Bip01/Bip01 Pelvis/Bip01 Spine/Bip01 Spine1/Bip01 Spine2/Bip01 Neck/Bip01 L Clavicle","Bip01/Bip01 Pelvis/Bip01 Spine/Bip01 R Thigh","Bip01/Bip01 Pelvis/Bip01 Spine/Bip01 R Thigh/Bip01 R Calf","Bip01/Bip01 Pelvis/Bip01 Spine/Bip01 R Thigh/Bip01 R Calf/Bip01 R HorseLink","Bip01/Bip01 Pelvis/Bip01 Spine/Bip01 R Thigh/Bip01 R Calf/Bip01 R HorseLink/Bip01 R Foot","Bip01/Bip01 Pelvis/Bip01 Spine/Bip01 Spine1/Bip01 Spine2/Bip01 Neck/Bip01 R Clavicle/Bip01 R UpperArm/Bip01 R Forearm","Bip01/Bip01 Pelvis/Bip01 Spine/Bip01 Spine1/Bip01 Spine2/Bip01 Neck/Bip01 R Clavicle/Bip01 R UpperArm","Bip01/Bip01 Pelvis/Bip01 Spine/Bip01 Spine1/Bip01 Spine2/Bip01 Neck/Bip01 R Clavicle/Bip01 R UpperArm/Bip01 R Forearm/Bip01 R Hand","Bip01/Bip01 Pelvis/Bip01 Spine/Bip01 Spine1/Bip01 Spine2/Bip01 Neck/Bip01 R Clavicle/Bip01 R UpperArm/Bip01 R Forearm/Bip01 R Hand/Bip01 R Finger0","Bip01/Bip01 Pelvis/Bip01 Spine/Bip01 R Thigh/Bip01 R Calf/Bip01 R HorseLink/Bip01 R Foot/Bip01 R Toe0","Bip01/Bip01 Pelvis/Bip01 Spine/Bip01 Spine1/Bip01 Spine2/Bip01 Neck/Bip01 R Clavicle"],[[[7,0.0000012916641480842372,-0.0000024707310330995824,1,0,-0.3708500266075134,-0.9286926984786987,-0.0000018155362795369001,0,0.9286926984786987,-0.3708500266075134,-0.0000021158300569368294,0,-1.837581992149353,-1.4834588766098022,0.0014420395018532872,1],[7,-0.0000011169428262292058,-0.000003190163170074811,1,0,0.9369593858718872,0.3494384288787842,0.000002161295242331107,0,-0.3494384288787842,0.9369593858718872,0.0000025987503704527626,0,-0.6839958429336548,-1.9714787006378174,-0.000006569285687874071,1],[7,6.123234262925839e-17,0.0000013868001360606286,1,0,-1,-6.123225660247469e-17,6.12324220385972e-17,0,6.123234262925839e-17,-1,0.0000013868001360606286,0,0.6949425339698792,1.9644370079040527,-0.0000027694775326381205,1],[7,0.000001191431124425435,-0.000002813313358274172,1,0,-0.9994449019432068,0.03331385552883148,0.0000012844921002397314,0,-0.03331385552883148,-0.9994449019432068,-0.000002772060724964831,0,0.3408237397670746,1.6547532081604004,0.000003294061571068596,1],[7,8.725827882472004e-8,-1.30314305124557e-7,-1,0,-0.5713003873825073,-0.8207409977912903,5.7103612505216006e-8,0,-0.8207409977912903,0.5713003873825073,-1.4606507647840772e-7,0,-0.7058870196342468,-2.6784496307373047,0.00012701570813078433,1],[7,-0.0000011908116448466899,-0.0000027183436941413675,1,0,0.9989251494407654,-0.0463525615632534,0.0000010635294529492967,0,0.0463525615632534,0.9989251494407654,0.0000027706189484888455,0,-3.1166303157806396,-0.8975157141685486,-0.0000035905427466786932,1],[7,0.0000011838857290058513,-0.0000026339569103583926,1,0,-0.993115246295929,-0.11714132875204086,8.671897830936359e-7,0,0.11714132875204086,-0.993115246295929,-0.000002754504748736508,0,-1.1007449626922607,1.5519791841506958,0.000003009007741638925,1],[7,0.0000011906562349395244,-0.000002715092023208854,1,0,-0.9987949132919312,-0.04908019304275513,0.000001055964048646274,0,0.04908019304275513,-0.9987949132919312,-0.0000027702574243448908,0,-0.45795565843582153,1.622984766960144,0.0000032059479053714313,1],[7,-0.0000011497085097289528,-0.0000030886492368153995,1,0,0.9644453525543213,0.2642822265625,0.0000019251060621172655,0,-0.2642822265625,0.9644453525543213,0.000002674986035344773,0,-1.8082984685897827,-1.8164050579071045,-0.000006139174729469232,1],[7,0.07674060761928558,0.1396389603614807,-0.987224280834198,0,-0.1572416126728058,-0.9760584235191345,-0.1502825766801834,0,-0.984574019908905,0.166765496134758,-0.05294626206159592,0,2.0040335655212402,0.27905866503715515,0.7149733304977417,1],[7,-0.010006415657699108,0.15902212262153625,-0.987224280834198,0,0.39011111855506897,-0.9084208011627197,-0.1502825915813446,0,-0.9207133650779724,-0.38663095235824585,-0.052946265786886215,0,0.8521512746810913,0.8711101412773132,0.7149733901023865,1],[7,0.025329411029815674,0.15731054544448853,-0.987224280834198,0,0.18004697561264038,-0.9721101522445679,-0.15028266608715057,0,-0.9833318591117859,-0.17394016683101654,-0.052946265786886215,0,0.5278558135032654,0.7737061381340027,0.7149733901023865,1],[7,-0.004585609771311283,0.0011281861225143075,0.999988853931427,0,-0.9997864365577698,0.020144814625382423,-0.004607409238815308,0,-0.02014978788793087,-0.999796450138092,0.0010355690028518438,0,-1.5252230167388916,1.5429185628890991,-0.008737691678106785,1],[7,0.006199314724653959,-0.061176493763923645,0.9981077909469604,0,-0.01570812799036503,0.9979977607727051,0.06126732379198074,0,-0.9998573660850525,-0.016058217734098434,0.005225935019552708,0,0.2128058522939682,1.142450213432312,-0.7432862520217896,1],[7,0.20313487946987152,0.19787435233592987,0.9589483141899109,0,-0.11724871397018433,0.9772361516952515,-0.1768110692501068,0,-0.9721053838729858,-0.0765189677476883,0.22171127796173096,0,0.40921807289123535,0.9240538477897644,-1.0222350358963013,1],[7,0.27916789054870605,0.04983317106962204,0.9589483141899109,0,0.451205849647522,0.8747290372848511,-0.1768110990524292,0,-0.8476311564445496,0.4820430278778076,0.22171126306056976,0,1.6494935750961304,0.5353389978408813,-1.0222351551055908,1],[7,0.06994744390249252,0.006788782309740782,0.9975277781486511,0,-0.9974742531776428,-0.01189865916967392,0.07002469897270203,0,0.012344622984528542,-0.9999061226844788,0.005939356051385403,0,-1.2833713293075562,0.030584486201405525,-0.738086462020874,1],[7,0.03826139122247696,0.03213746100664139,-0.9987508654594421,0,0.026853788644075394,-0.999154806137085,-0.031121712177991867,0,-0.9989069104194641,-0.02562948316335678,-0.03909206762909889,0,0.2170984447002411,0.8304353356361389,0.6175785660743713,1],[7,0.032137442380189896,-0.03826143965125084,-0.9987508654594421,0,-0.999154806137085,-0.026853790506720543,-0.031121691688895226,0,-0.02562948502600193,0.9989069104194641,-0.03909211605787277,0,0.5750710964202881,0.0389077290892601,0.6175785660743713,1],[7,0.7569952011108398,0.630250871181488,-0.17245912551879883,0,-0.29304951429367065,0.09156227856874466,-0.951702892780304,0,-0.5840208530426025,0.7709735631942749,0.25400692224502563,0,0.09549612551927567,-1.236935019493103,-1.5881110429763794,1],[7,-0.07674020528793335,-0.13963641226291656,-0.9872246980667114,0,-0.1572418212890625,-0.9760587811470032,0.15028001368045807,0,-0.984574019908905,0.1667655110359192,0.052946269512176514,0,2.0040335655212402,0.2790590226650238,-0.7149715423583984,1],[7,0.010005418211221695,-0.1590198129415512,-0.9872246980667114,0,0.39011114835739136,-0.9084212779998779,0.15028007328510284,0,-0.9207134246826172,-0.38663095235824585,0.052946265786886215,0,0.8521512746810913,0.8711105585098267,-0.7149715423583984,1],[7,-0.025329872965812683,-0.15730805695056915,-0.9872246980667114,0,0.1800469160079956,-0.9721106290817261,0.1502801477909088,0,-0.9833318591117859,-0.17394018173217773,0.052946265786886215,0,0.5278558731079102,0.7737065553665161,-0.7149716019630432,1],[7,-0.03826145827770233,-0.032135069370269775,-0.9987509250640869,0,0.02685369923710823,-0.999154806137085,0.031119322404265404,0,-0.9989069104194641,-0.02562948316335678,0.03909206762909889,0,0.21709850430488586,0.8304353356361389,-0.6175768375396729,1],[7,-0.20313461124897003,-0.1978767067193985,0.9589479565620422,0,-0.11724920570850372,0.977235734462738,0.17681337893009186,0,-0.9721053838729858,-0.0765189677476883,-0.22171130776405334,0,0.40921857953071594,0.9240542650222778,1.0222326517105103,1],[7,-0.279168963432312,-0.04983522370457649,0.9589479565620422,0,0.45120519399642944,0.8747289180755615,0.17681336402893066,0,-0.8476311564445496,0.4820430278778076,-0.22171129286289215,0,1.6494941711425781,0.5353390574455261,1.0222326517105103,1],[7,-0.006199299823492765,0.06117512658238411,0.9981078505516052,0,-0.015708154067397118,0.9979978799819946,-0.06126595288515091,0,-0.9998573660850525,-0.016058236360549927,-0.005225940141826868,0,0.212805837392807,1.1424506902694702,0.7432825565338135,1],[7,-0.0699450746178627,-0.006788753904402256,0.9975279569625854,0,-0.9974744915962219,-0.011898675933480263,-0.07002232223749161,0,0.01234462484717369,-0.9999061226844788,-0.005939356051385403,0,-1.283371090888977,0.030584504827857018,0.7380840182304382,1],[7,-0.03213505446910858,0.03826150298118591,-0.9987509250640869,0,-0.999154806137085,-0.02685369737446308,0.03111930564045906,0,-0.02562948316335678,0.9989069104194641,0.039092112332582474,0,0.5750710964202881,0.03890766203403473,-0.6175768375396729,1],[7,-0.7569944858551025,-0.6302511096000671,-0.1724613904953003,0,-0.2930513024330139,0.09156077355146408,0.9517024159431458,0,-0.5840208530426025,0.7709735631942749,-0.25400689244270325,0,0.09549807012081146,-1.2369333505630493,1.5881115198135376,1]],8,8,8,8,8,8,8,8,8,8,8,8,8,8,8,8,8,8,8,8,8,8,8,8,8,8,8,8,8,8]]],0,0,[],[],[]],[[[14,"sanjiaolong_3"],[15,"sanjiaolong_3",[-5,-6,-7],[[18,-2,[3,"c2VKuuMS1Z0rK4OfXuvrlB"],[6,7,8,9,10]],[19,-3,[3,"b2z4+6GgBHc5K3hsF/Ehsl"]],[20,true,-4,[3,"746+xKZi5DNrejq0BM1qqf"],[1,0,1,0],[1,2,2,2]]],[0,"4b7YYL2wxePqtlM1QOiEos",-1,0]],[6,"Bip01 Spine",[-8,-9,-10,-11],[0,"08N+Nxt49f2bUvh9z9/2Py",1,0],[1,0.4094341993331909,0.2992480397224426,5.747363047703402e-7],[3,-0.000002091462843214531,-7.04855256811895e-7,0.016659239054764116,0.9998612252454063],[1,-0.00023841749022044707,-0.00007680926798840754,1.9090964879203907]],[6,"Bip01 Neck",[-12,-13,-14],[0,"28IKyE6HNSRIfy9ImXIAdN",1,0],[1,0.6216654777526855,0.23278167843818665,3.1177884807220835e-7],[3,0.00040654044119528565,0.0023266580281416107,0.06872544533823415,0.9976328154939327],[1,0.02842104789692345,0.26528961142932117,7.881655797438839]],[17,"Bip01",1,[[[4,"Bip01 Footsteps",-15,[0,"e6bqgpHW5e551/aEYIDCSU",1,0],[1,1.9581559896469116,0,0],[3,-0.4999997019766873,-0.5000002980231351,0.4999997019766873,0.5000002980231351],[1,0,-89.9999316981083,90]],-16],4,1],[0,"12jzQgno9e57nNsu1HX+wB",1,0],[1,4.5196166809091665e-8,1.9644370079040527,-0.6949425339698792],[3,-4.2146849221429294e-7,4.2146849221429294e-7,-0.7071067811864219,0.7071067811864219],[1,0,0.00006830189285160323,-90]],[2,"Bip01 Head",3,[[5,"Bip01 HeadNub",-17,[0,"59Fx6AGdhfK5mnIUhIa9p5",1,0],[1,0.7552331686019897,-2.8421708795129297e-16,1.490116086078075e-10]],[4,"Bone001",-18,[0,"f1XoxY6T5XU6GyWVTJEfVh",1,0],[1,0.010263213887810707,0.5799936056137085,0.0015714792534708977],[3,0.4741574567032278,0.8804400639740758,7.447590129369054e-7,-0.000001223681703495934],[1,-0.0002573411378337287,-179.99970214461575,56.6090125709718]]],[0,"c8ejBQMa1VXI0Eh1bHFGyL",1,0],[1,0.5101875066757202,0.34526291489601135,0.0005038583185523748],[3,0.0008398383682853395,-0.0022060766813527086,-0.5691802621147767,0.8222093754732703],[1,-0.18394030080661936,-0.4347942580429172,-69.38614069251697]],[7,"sanjiaolong_005",1,[[9,1,-19,[3,"dcZqhiCDJenq1zPGlkwewD"],[0],[10],1,1,2]],[0,"9coyGZ/5Rb0JYSbgy8bE0k",1,0],[3,-0.7071067811865476,0,0,0.7071067811865476],[1,-90.00000000000003,0,0]],[16,"Bip01 Pelvis",4,[2],[0,"69JP+cQ0NWMb3KbNg8jkEn",1,0],[3,-0.49999964237200345,-0.5000003576277408,-0.49999964237200345,0.5000003576277408],[1,-89.99991803772996,-90,0]],[1,"Bip01 Spine1",2,[-20],[0,"0aJ48kTzNWwYOh9hLtAOmn",1,0],[1,0.6636099219322205,-0.0004240417620167136,-1.1757947948609626e-9],[3,-1.4045025964164594e-13,1.1426760669816568e-7,-0.04119830570130666,0.99915098939416],[1,5.412762022960941e-7,0.000013127548287907512,-4.722314586930298]],[1,"Bip01 Spine2",8,[3],[0,"47yAZmQVRTZIF0J9OhOJ/c",1,0],[1,0.5342873334884644,-0.0005093383952043951,-1.4126999570152066e-9],[3,2.4775105275088783e-14,9.471519645952615e-8,-0.03414884918516963,0.9994167579640235],[1,3.7150594889462406e-7,0.000010872589877843427,-3.913930819662175]],[1,"Bip01 L Clavicle",3,[-21],[0,"e6sK/9grBe3aB/ewOpx4HE",1,0],[1,-0.18580275774002075,0.10328628867864609,0.432438462972641],[3,0.7478893497935647,0.15673598853958123,0.5699052885877901,0.30216437976959964],[1,160.41613412580918,-68.31662491359789,35.369874661283426]],[1,"Bip01 L UpperArm",10,[-22],[0,"b1MSNki1Vf17/77jrZkUhp",1,0],[1,0.07886764407157898,0,1.5258788721439487e-7],[3,-0.5078845606308879,0.4609219717334246,0.02196039253446685,0.7274076918797837],[1,-57.52535978066244,50.35333353054084,-25.86434994846144]],[1,"Bip01 L Forearm",11,[-23],[0,"c7bjET6Vpc8oc8hFIAKEpH",1,0],[1,0.7923197150230408,-1.5258788721439487e-7,7.629394360719743e-8],[3,-1.5270835424101708e-18,-4.975078548964918e-18,-0.29343458583008863,0.955979154500099],[1,-4.0417782162219255e-16,-7.204150379754571e-16,-34.12738400395683]],[1,"Bip01 L Hand",12,[-24],[0,"81gblcKYVU3rxsQylpI1Iv",1,0],[1,0.47335007786750793,0,7.629394360719743e-8],[3,-0.12570244030565908,0.10231760108987406,0.044689822788071314,0.9857650961296949],[1,-14.920157954782876,12.32009728604357,3.576673336474448]],[2,"Bip01 L Finger0",13,[[5,"Bip01 L Finger0Nub",-25,[0,"5f0h+34+BbSYQaQy0UShzH",1,0],[1,0.15214386582374573,4.76837147544984e-9,7.629394360719743e-8]]],[0,"9ajjU7jadWf649q0LVUFSp",1,0],[1,0.1864154040813446,-0.13450942933559418,0.005998000968247652],[3,-0.0028033365215304014,-0.003395916338064671,-0.7057682684040701,0.7084290792806944],[1,-66.74626767962621,-66.79428406231894,-89.4533670594828]],[1,"Bip01 R Clavicle",3,[-26],[0,"786A7FAJFb/paj4xkuWs09",1,0],[1,-0.18182678520679474,0.10230834782123566,-0.43435603380203247],[3,0.7508359354444953,0.15747722570212525,-0.5666453689686721,-0.3005983154588679],[1,-160.47530125739925,67.8252163886121,35.249945054322986]],[1,"Bip01 R UpperArm",15,[-27],[0,"63nBmg7C9XNJ0CInjIPVaJ",1,0],[1,0.07886756956577301,-7.629394360719743e-8,0],[3,0.5078845672335217,-0.46092194792320956,0.0219604263475708,0.7274077013362762],[1,57.52536234745816,-50.353331877913796,-25.864345637330864]],[1,"Bip01 R Forearm",16,[-28],[0,"69l6u+WJVeFaAV8B4RdnrD",1,0],[1,0.7923197150230408,-7.629394360719743e-8,-7.629394360719743e-8],[3,0,0,-0.29343458583008863,0.955979154500099],[1,0,0,-34.12738400395683]],[1,"Bip01 R Hand",17,[-29],[0,"1akvJuvyJWqbZ5onyclnOq",1,0],[1,0.4733501374721527,0,-7.629394360719743e-8],[3,0.12570242577763338,-0.10231759394301333,0.044689815470148116,0.9857650990558428],[1,14.920156160921533,-12.320096301503288,3.576672797057302]],[2,"Bip01 R Finger0",18,[[8,"Bip01 R Finger0Nub",-30,[0,"6eyxN1mDtRiqAD6I3WM9V5",1,0],[1,0.15214386582374573,2.38418573772492e-9,0],[3,3.0995579436421394e-9,-7.047312053204247e-19,1,-6.123234262925839e-17],[1,-1,-1,-1],[1,180,-179.99999964481682,-7.016709604961309e-15]]],[0,"2dbi5JjeFXgKceNBGUkt4U",1,0],[1,0.1864153891801834,-0.13450942933559418,-0.005997924599796534],[3,0.0028033409452356333,0.003395920761753652,-0.705768268384715,0.7084290792612663],[1,66.7462973174818,66.79431370017525,-89.45336640070325]],[1,"Bip01 L Thigh",2,[-31],[0,"65nQyw0hlQa5eD9QY4tJne",1,0],[1,-0.4191759526729584,-0.28544357419013977,0.5130795836448669],[3,0.7707736960972795,0.6320760145755567,0.07418031868079597,0.029750655845455647],[1,-166.47499305154182,-21.999111086751732,78.17804543017063]],[1,"Bip01 L Calf",20,[-32],[0,"52ZD3FHbZWPZfe2kHkekV8",1,0],[1,0.8178122043609619,9.536743306171047e-8,1.4210854397564648e-16],[3,-1.6230167432439285e-17,-6.124389152435283e-18,-0.2789256936955065,0.9603126873037139],[1,-2.3469646562989515e-15,-1.4124899773072754e-15,-32.39219444176662]],[1,"Bip01 L HorseLink",21,[-33],[0,"4cGcsq6+5flY1ZQNq0Ru7w",1,0],[1,0.5080291628837585,-7.629394360719743e-8,0],[3,-1.2307915762244686e-9,-5.7601763193421586e-9,0.11101423172011277,0.9938188166640806],[1,-6.858002844747875e-8,-6.56512248097339e-7,12.747569748019611]],[1,"Bip01 L Foot",22,[-34],[0,"93wLvMUX5fI6eJK48CGZj/",1,0],[1,0.4364793002605438,7.629394360719743e-8,0],[3,0.06025144617743207,-0.0008894790316471445,0.0772573670389785,0.9951885606752043],[1,6.978888648729833,-0.6424890227242137,8.839327293172916]],[2,"Bip01 L Toe0",23,[[8,"Bip01 L Toe0Nub",-35,[0,"47d/zVrcpRXJXUBow/u5po",1,0],[1,0.12048595398664474,-2.38418573772492e-9,0],[3,2.9103833232291265e-10,3.903128234538122e-18,1,9.31322685637781e-10],[1,-0.9999999403953552,-0.9999999403953552,-1],[1,-180,-179.99999996664945,1.0672171850366796e-7]]],[0,"4dBFt1evVSRpjobb0DIW5r",1,0],[1,0.2560061514377594,0.25536423921585083,0],[3,1.5846227712526208e-8,1.5763909558822746e-8,0.7071067811865474,0.7071067811865474],[1,0,0.0000025679911246430833,90]],[1,"Bip01 R Thigh",2,[-36],[0,"6f+PA9GBxWIIrKH1k8iFZU",1,0],[1,-0.4191759526729584,-0.28544068336486816,-0.5130821466445923],[3,0.7707736411031945,0.6320761971703964,-0.07417850118287599,-0.02975273287273553],[1,166.47643380690795,21.9976906472933,78.17816064132361]],[1,"Bip01 R Calf",25,[-37],[0,"68tS2fKG5dwrrfuiVUXYUm",1,0],[1,0.8178122639656067,-7.105427198782324e-17,0],[3,1.935435588831687e-18,6.6635074381861924e-18,-0.2789256936955065,0.9603126873037139],[1,5.044583645477658e-16,9.41660062552304e-16,-32.39219444176662]],[1,"Bip01 R HorseLink",26,[-38],[0,"fbeP1992FetKMFohGj4GW/",1,0],[1,0.5080292224884033,-7.629394360719743e-8,0],[3,9.048878960911167e-9,2.8850324292609912e-9,0.11101422436135432,0.9938188174860884],[1,0.000001018929271698398,2.18837395012826e-7,12.747568899523298]],[1,"Bip01 R Foot",27,[-39],[0,"f4yZSEhmBcgLEHxE7I9tTb",1,0],[1,0.4364793300628662,-1.4210854397564648e-16,7.629394360719743e-8],[3,-0.06025136097872048,0.0008894891119140933,0.07725735543092667,0.9951885667254983],[1,-6.978878849199843,0.6424893399495512,8.839325946038912]],[2,"Bip01 R Toe0",28,[[5,"Bip01 R Toe0Nub",-40,[0,"4faOubt3leg5Lt7dhoeKBh",1,0],[1,0.12048599123954773,-4.440891999238953e-18,3.814697180359872e-8]]],[0,"5eJzm0JeNYuZGPnZjJ6HHj",1,0],[1,0.2560061514377594,0.25536423921585083,3.814697180359872e-8],[3,-1.5887384124842633e-8,-1.572274781743571e-8,0.7071067811865474,0.7071067811865474],[1,0,-0.000002574660806757218,90]],[1,"Bip01 Tail",2,[-41],[0,"13mHRrW29fcJEQ+vxKSvRY",1,0],[1,-1.0417994260787964,0.09176544100046158,6.015063291897604e-8],[3,-1.3166398313335497e-13,-0.000002720955592222968,0.9810193981410065,0.19390961931697367],[1,179.99966924628185,-179.99993462278871,22.362067260543228]],[1,"Bip01 Tail1",30,[-42],[0,"1bGxUUbrpbVYy2h7cVUmgD",1,0],[1,0.9546900987625122,-0.0006970214890316129,-1.9330763656455474e-9],[3,9.025459054427852e-14,-1.2409404037344088e-7,0.04474107063864319,0.9989986169150047],[1,6.38791572025962e-7,-0.000014262992490517136,5.128661069442682]],[2,"Bip01 Tail2",31,[[4,"Bip01 TailNub",-43,[0,"0c8ikHn55ayIZDjBSDvmEk",1,0],[1,0.8096676468849182,0,-2.91038298062124e-13],[3,0.7073882378915716,0.706825212404548,9.802253306413663e-7,-9.810061318601392e-7],[1,0,180.0001589155941,90]]],[0,"adM8wwjelYWL4B3mn1pv9i",1,0],[1,0.8790454268455505,-0.0006134033319540322,-1.7008278119234888e-9],[3,1.2304987460967271e-14,-4.334339704968854e-7,0.15627125001810002,0.9877141774914403],[1,0.00000816021878120737,-0.00005157674473487775,17.981064047827793]],[7,"outline",1,[[9,1,-44,[3,"bcNumy/PtGkYasOMFZSZis"],[3],[10],1,4,5]],[0,"dd/Fzo5j5HqInQBrNkL2kk",1,0],[3,-0.7071067811865476,0,0,0.7071067811865476],[1,-90.00000000000003,0,0]]],0,[0,6,1,0,1,1,0,1,1,0,1,1,0,-1,6,0,-2,4,0,-3,33,0,-1,8,0,-2,20,0,-3,25,0,-4,30,0,-1,5,0,-2,10,0,-3,15,0,0,4,0,-2,7,0,0,5,0,0,5,0,1,6,0,-1,9,0,-1,11,0,-1,12,0,-1,13,0,-1,14,0,0,14,0,-1,16,0,-1,17,0,-1,18,0,-1,19,0,0,19,0,-1,21,0,-1,22,0,-1,23,0,-1,24,0,0,24,0,-1,26,0,-1,27,0,-1,28,0,-1,29,0,0,29,0,-1,31,0,-1,32,0,0,32,0,1,33,0,7,1,2,0,7,3,0,9,44],[0,0,0,0,0,0,0,0,0,0,0],[-1,2,3,-1,2,3,-1,-2,-3,-4,-5],[4,0,1,5,0,1,6,7,8,9,10]]]]
