[1,["e5DX3ifwNKa51sN+m2+6sx@9f501","e5DX3ifwNKa51sN+m2+6sx@34c2d","e5DX3ifwNKa51sN+m2+6sx@438fe","1eA8oB4ztLT5NC3g1bKoxG","48rNbsODNEKobP2HmtCsQl@8a22c","c44iemsE1CvY3TI2+lALLf@05e57","910faPiK1PmLpEliaJzvUf@81e2e","24RPmsn5ZNYJ8Rj0SCvnoz@ebb6c","67amt8bfxDl7al4lTvMN09@938d1","e5DX3ifwNKa51sN+m2+6sx@7d682","1brw/JvvpFnIvdrxpFCgMZ"],["_parent","node","_mesh","_skeleton","root","data","mainTexture","_effectAsset"],[["cc.Node",["_name","_prefab","_lpos","_lrot","_euler","_parent","_children","_components","_lscale"],2,4,5,5,5,1,2,9,5],["cc.Prefab",["_name"],2],["cc.Node",["_name","_parent","_children","_prefab","_lpos","_lrot","_euler"],2,1,12,4,5,5,5],["cc.Node",["_name","_parent","_children","_prefab","_lpos","_lrot","_euler"],2,1,9,4,5,5,5],["cc.SkeletalAnimation",["node","__prefab","_clips"],3,1,4,3],["cc.CompPrefabInfo",["fileId"],2],["c20db9gKGVMM6j6TBE2jgkc",["node","__prefab"],3,1,4],["cc.BoxCollider",["_isTrigger","node","__prefab","_center","_size"],2,1,4,5,5],["cc.PrefabInfo",["fileId","root","asset"],2,1,1],["cc.SkinnedMeshRenderer",["_shadowCastingMode","node","__prefab","_materials","lightmapSettings","_skinningRoot","_mesh","_skeleton"],2,1,4,3,4,1,6,6],["cc.ModelLightmapSettings",[],3],["cc.Mesh",["_native","_hash","_struct"],1,11],["cc.Skeleton",["_name","_hash","_joints","_bindposes"],0,12],["cc.Material",["_name","_states","_defines","_props"],0,12]],[[8,0,1,2,2],[0,0,5,6,1,2,3,4,2],[3,0,1,2,3,4,5,6,2],[5,0,2],[0,0,5,1,2,3,4,2],[0,0,5,1,2,2],[0,0,6,1,2,3,4,2],[0,0,5,1,2,3,8,4,2],[0,0,5,7,1,2,3,4,2],[9,0,1,2,3,4,5,6,7,2],[10,1],[1,0,2],[0,0,6,7,1,8,2],[0,0,5,6,1,3,4,2],[2,0,1,2,3,4,5,6,2],[4,0,1,2,1],[6,0,1,1],[7,0,1,2,3,4,2],[11,0,1,2,3],[12,0,1,2,3,4],[13,0,1,2,3,4]],[[[[11,"bawanglong_6"],[12,"bawanglong_6",[-5,-6,-7],[[15,-2,[3,"aclREotW9ZAYOxujDu+cPi"],[8,9,10,11,12]],[16,-3,[3,"c56a2MhCJNYqS8ai72tnys"]],[17,true,-4,[3,"746+xKZi5DNrejq0BM1qqf"],[1,0,1,0],[1,2,2,2]]],[0,"e3lNPVeQNRQ5lQpajQcJDC",-1,0],[1,1.1,1.1,1.1]],[6,"Bip01 Spine",[-8,-9,-10,-11],[0,"f0IXep3nZXI7Gnycc1X/ou",1,0],[1,-0.2421582043170929,0.9908146858215332,-0.0000028610884328372777],[3,-0.000002028379611983558,-9.7793064016099e-7,0.6528787521930254,0.7574624313652839],[1,-0.0006976173407182036,0.0004533517809194808,81.51800147552524]],[6,"Bip01 Neck",[-12,-13,-14],[0,"fdQHlyeUxQyIcKxBR0hfBP",1,0],[1,1.2616424560546875,-0.45765259861946106,0.000004751138021674706],[3,3.981979921146095e-15,2.0145214049165903e-8,-0.007263211266716346,0.9999736225331618],[1,1.6769141673193022e-8,0.0000023086541790774984,-0.8323100206789553]],[14,"Bip01",1,[[[4,"Bip01 Footsteps",-15,[0,"2bUOhQbFJSK43c2kPZeA8C",1,0],[1,-0.6480579972267151,-3.612549193121595e-8,-3.192293167114258],[3,0.07069320754682981,0.07069329695379417,0.7035636680862324,0.7035645621558759],[1,0,11.475488297588845,90]],-16],4,1],[0,"6ac+pdj0tcdZtqpbup52tM",1,0],[1,2.7889386799984095e-8,3.2719976902008057,-0.6518009901046753],[3,0.547482898447271,0.5474823620054772,0.4475069565847044,-0.4475076122357858],[1,-90.00000003319958,-89.99993135085225,11.475501564063487]],[2,"Bip01 Head",3,[[5,"Bip01 HeadNub",-17,[0,"7fhv6qT0xYs4Rz43/+ffZb",1,0],[1,2.2297143936157227,-6.103515488575795e-7,5.82076596124248e-13]],[4,"Bone001",-18,[0,"dcpl5FhL1ajpzyu7zNFl/5",1,0],[1,0.6654385328292847,0.2056237757205963,-0.000008850099220580887],[3,0.9851702192056009,0.17157983327694099,-2.5309659478409775e-7,-0.0000017267569318947394],[1,-179.99979815438616,-0.000005714650405499622,19.759373227028984]]],[0,"90sWnDWfZX6LVObOt1kh9W",1,0],[1,0.48891571164131165,-0.0011849976144731045,-3.286986682837778e-9],[3,5.792519221037386e-13,-0.0000011865963599747107,0.42781746232342865,0.9038651552802187],[1,0.00009176211168982859,-0.00019386891900968477,50.65826070886587]],[13,"Bip01 Pelvis",4,[2],[0,"07fzdOXwBafKLOdtW5V4Jx",1,0],[3,-0.49999964237200345,-0.5000003576277408,-0.49999964237200345,0.5000003576277408],[1,-89.99991803772996,-90,0]],[1,"Bip01 L Thigh",2,[-19],[0,"c17IfmRdJWjrjAU6IuuUsl",1,0],[1,-0.9442591071128845,-0.38565489649772644,0.5548450946807861],[3,0.7871515228010387,0.6084178146652665,0.0997126260728182,0.016662387332237922],[1,-159.84443978116198,-29.689168880139672,73.97823488581058]],[1,"Bip01 L Calf",7,[-20],[0,"17I9ySDM1U/ZdlzFJGvDTd",1,0],[1,1.4814941883087158,-3.0517577442878974e-7,7.629394360719743e-8],[3,1.1545146707703081e-17,-7.7008115907968e-18,-0.554902074581495,0.8319156733859225],[1,1.5902769987697791e-15,-2.1586363300300223e-25,-67.40794037480075]],[1,"Bip01 L HorseLink",8,[-21],[0,"6foMD01VRWe5c2x29xNo0G",1,0],[1,1.3465789556503296,-2.288818308215923e-7,7.629394360719743e-8],[3,-1.4003732470175766e-8,1.5899981859972918e-8,0.3214686529996314,0.9469202211055597],[1,-0.000002653733808993816,0.000002825048914570221,37.50353213086926]],[1,"Bip01 L Foot",9,[-22],[0,"bcrTlOcsVUxoLV8Kw4XWpG",1,0],[1,0.5775560736656189,1.4210854397564648e-16,-7.629394360719743e-8],[3,0.031116183278691114,-0.013918593271591525,-0.05230229997445149,0.998049360160553],[1,3.4968638577900584,-1.4133453735384593,-6.042534865545963]],[2,"Bip01 L Toe0",10,[[7,"Bip01 L Toe0Nub",-23,[0,"cc7DVFVDFclL/Hc/Wi9qys",1,0],[1,0.5526846051216125,0,0],[3,-5.718903128837383e-9,1.1641532182693481e-10,1,-6.056657473271651e-17],[1,-0.9999999403953552,-0.9999999403953552,-1],[1,-179.9999999866598,179.99999934466197,-7.016709610635246e-15]]],[0,"be9aB0fGdSobDf68j+exT2",1,0],[1,0.26910531520843506,0.48688969016075134,-0.00018875121895689517],[3,1.9182682437728593e-8,1.1768911380349531e-8,0.7071067811865474,0.7071067811865474],[1,0,0.000003108686757542536,90]],[1,"Bip01 R Thigh",2,[-24],[0,"d4VrCvupRc9r3fUHYb3akW",1,0],[1,-0.9442591071128845,-0.3856518566608429,-0.5548449754714966],[3,0.7871515100766144,0.6084180432486772,-0.09971097788264778,-0.01666450489040802],[1,159.84542144332238,29.68822402427849,73.97838263726324]],[1,"Bip01 R Calf",12,[-25],[0,"c00WKDZMdRY5xYiqHMY6SF",1,0],[1,1.4814941883087158,-1.5258788721439487e-7,0],[3,-7.694740085124073e-18,1.347338577182895e-17,-0.554902074581495,0.8319156733859225],[1,3.206673078280052e-16,2.069771360732947e-15,-67.40794037480075]],[1,"Bip01 R HorseLink",13,[-26],[0,"b3n6zz2jxc1pMOMIAnqjtQ",1,0],[1,1.34657883644104,0,0],[3,2.1154042388448008e-8,-1.7406643496986424e-8,0.32146862627714284,0.9469202301775401],[1,0.000003701708726501305,-0.000003363153023271784,37.50352889704704]],[1,"Bip01 R Foot",14,[-27],[0,"45BEbx8hFYCZUqUlt8+Vhl",1,0],[1,0.5775561332702637,0,7.629394360719743e-8],[3,-0.03111620183261804,0.013918677058180692,-0.052302311028418334,0.9980493578343451],[1,-3.496865473837599,1.4133548614264433,-6.042536452990948]],[2,"Bip01 R Toe0",15,[[5,"Bip01 R Toe0Nub",-28,[0,"1bMFahhOVQyYcd+5UzMjfu",1,0],[1,0.5526846051216125,4.76837147544984e-9,-7.629394360719743e-8]]],[0,"8e4VYlW8haxrfw0zENlmhb",1,0],[1,0.26910531520843506,0.48688969016075134,0.0001888275146484375],[3,-1.8935727976618206e-8,-1.1851228645874558e-8,0.7071067811865474,0.7071067811865474],[1,0,-0.000003068666074019152,90]],[1,"Bip01 Spine1",2,[3],[0,"36m7vW/HlWhafqr6fdYBzp",1,0],[1,0.7512819170951843,-0.0009060669108293951,-2.513406816007091e-9],[3,1.7423024491984058e-13,1.4306982567134966e-7,-0.05158269758531989,0.9986687265103483],[1,8.502218398319929e-7,0.000016460364356023107,-5.913566159337584]],[1,"Bip01 L Clavicle",3,[-29],[0,"25DWviHFtde57PpBfB+HOk",1,0],[1,-0.4335342347621918,0.40553465485572815,0.20894446969032288],[3,0.5719081685642144,0.2273837745645757,0.7715482612215694,0.16103088647916364],[1,-168.83759664410564,-109.9641784590909,30.56872331361225]],[1,"Bip01 L UpperArm",18,[-30],[0,"cfkEWl5IlVjpSNtRbT6+dI",1,0],[1,0.3754103183746338,0,0],[3,-0.45012324930209113,0.3297813228050775,-0.3702356507589629,0.7426701168579143],[1,-52.928896147700755,17.115280242032856,-57.86642605259915]],[1,"Bip01 L Forearm",19,[-31],[0,"04oP420BFeO41vSkO2sYIl",1,0],[1,0.474752813577652,1.5258788721439487e-7,0],[3,6.257931592040935e-18,-2.9977550971647068e-18,-0.4320220396332473,0.9018630479574649],[1,7.951386021643296e-16,-3.267078351298545e-23,-51.191904916693986]],[1,"Bip01 L Hand",20,[-32],[0,"2ao7jrZJFepZhiqelriRFP",1,0],[1,0.3532685935497284,-3.0517577442878974e-7,-3.814697180359872e-8],[3,-0.01133484767502386,-0.010858428679977878,0.18060436870560428,0.9834305658048442],[1,-1.126259355403979,-1.0582576021219254,20.82224438588511]],[1,"Bip01 L Finger0",21,[-33],[0,"c6Ojko+iFWH6R0fBw5k415",1,0],[1,0.18541717529296875,-3.0517577442878974e-7,3.814697180359872e-8],[3,-0.00039119563877203174,0.00007417698978300999,0.1863133879444619,0.982490286433613],[1,-0.04903043107970437,0.017949368337063253,21.475425397401914]],[2,"Bip01 L Finger01",22,[[5,"Bip01 L Finger0Nub",-34,[0,"c1n8HTuKVV+JyTbgo5qUm6",1,0],[1,0.12164169549942017,3.0517577442878974e-7,7.105427198782324e-17]]],[0,"72ZFLQY6xTi7j2Og4BxkTK",1,0],[1,0.07678573578596115,0,-7.629394360719743e-8],[3,-3.839023316713228e-9,1.6152821282761633e-9,0.0653328075196942,0.9978635298785073],[1,-4.5495659539625983e-7,2.152812309407291e-7,7.491924453805888]],[1,"Bip01 R Clavicle",3,[-35],[0,"65lsGTkkRdVZeMqhB+AFgV",1,0],[1,-0.4335342347621918,0.40553587675094604,-0.20895424485206604],[3,-0.5719077177381096,-0.22738590087122068,0.771547640661395,0.16103245842501762],[1,168.83747080817807,109.96424336861081,30.569019627242564]],[1,"Bip01 R UpperArm",24,[-36],[0,"b9Jp5af/ZbgYcZrPDlZF9u",1,0],[1,0.3754103183746338,2.8421708795129297e-16,3.0517577442878974e-7],[3,0.4501232780327434,-0.32978132201992194,-0.37023562007517,0.7426701150897378],[1,52.92890070776024,-17.115279182130383,-57.866422967244695]],[1,"Bip01 R Forearm",25,[-37],[0,"e4bzp2BGlTOLRg90JTQGRE",1,0],[1,0.474752813577652,-1.5258788721439487e-7,-3.814697180359872e-8],[3,2.624216011279304e-19,-1.551361849509501e-17,-0.4320220638731734,0.9018630363457434],[1,-1.1821954240849357e-15,-2.5374853434256456e-15,-51.191907996641596]],[1,"Bip01 R Hand",26,[-38],[0,"17Fq0OWZ1X3oFkZcTlwobk",1,0],[1,0.35326826572418213,-3.0517577442878974e-7,1.1444091541079615e-7],[3,0.011334852392276756,0.010858426875423925,0.18060433986949206,0.9834305710660723],[1,1.1262599848371901,1.0582573035522336,20.822241029456453]],[1,"Bip01 R Finger0",27,[-39],[0,"22ncStZeVWmoLxrVU7+Gea",1,0],[1,0.1854170262813568,3.0517577442878974e-7,3.814697180359872e-8],[3,0.0003911872859742129,-0.00007417288614324191,0.1863133879451274,0.9824902864371223],[1,0.04902932637194053,-0.017948680224276134,21.475425397836915]],[2,"Bip01 R Finger01",28,[[7,"Bip01 R Finger0Nub",-40,[0,"f4SVHRFMZaibrQEB/y4buu",1,0],[1,0.12164153903722763,0,3.814697180359872e-8],[3,-4.683752723392889e-17,-6.51925802230835e-9,1,7.4505797087454084e-9],[1,-1.0000001192092896,-1,-1],[1,179.99999925294807,-180,8.53773544473844e-7]]],[0,"99UOcew0pT7rgT2PodHhnr",1,0],[1,0.07678573578596115,3.0517577442878974e-7,-3.814697180359872e-8],[3,3.7173315490899683e-9,2.433836740243964e-10,0.0653328075196942,0.9978635298785073],[1,4.268868487344881e-7,-1.6766698443812592e-15,7.491924453805888]],[1,"Bip01 Tail",2,[-41],[0,"e8WsZ1dBxWjq5xWP6j5Cbv",1,0],[1,-2.0973806381225586,-0.6294427514076233,-0.0000027472328838484827],[3,-1.0886416918242166e-13,-0.0000027426332976620793,0.9888350804572277,-0.14901403843137076],[1,179.99967478332078,179.99995099095474,-17.13958595196398]],[1,"Bip01 Tail1",30,[-42],[0,"3d9CLGoQVfTY4O5O92hrmn",1,0],[1,0.976742684841156,-0.0013156128115952015,-3.6484562038197055e-9],[3,-7.796682990314297e-14,-1.3710240719084306e-7,0.04943119473565532,0.9987775312786061],[1,7.80407394316355e-7,-0.00001576863171517123,5.6667069815409485]],[1,"Bip01 Tail2",31,[-43],[0,"6bg6NRaABVOY2QsMLu119H",1,0],[1,1.659887433052063,-0.0012295532505959272,-3.408640703028709e-9],[3,-2.2455235395100185e-13,-3.3499827353098797e-8,0.012078101905601319,0.9999270570668427],[1,4.63531808448009e-8,-0.000003839637376353329,1.3840821806080585]],[1,"Bip01 Tail3",32,[-44],[0,"e2V6FdeoBY5r2+Ss2kHhxF",1,0],[1,1.5446102619171143,-0.0009393310756422579,-2.606538984650797e-9],[3,-9.225211996155533e-15,-6.376311734734416e-8,0.022989289797107057,0.9997357113530658],[1,1.6815287241723996e-7,-0.000007312513354574827,2.634610662073487]],[2,"Bip01 Tail4",33,[[4,"Bip01 TailNub",-45,[0,"a3PWMQooddsavfXfbfMQu8",1,0],[1,1.1330914497375488,0,-5.82076596124248e-13],[3,0.7073882378915716,0.706825212404548,9.802252169545262e-7,-9.810061318601392e-7],[1,0,180.0001589155941,90]]],[0,"34In3QSV1e4peAKZ0amnOe",1,0],[1,1.1812920570373535,-0.0009008789202198386,-2.5006010595518546e-9],[3,-6.395495132180443e-15,5.4085375915446284e-8,-0.019500030110106984,0.9998098563355444],[1,1.209471216138844e-7,0.000006201265150460331,-2.234680489948894]],[8,"bawanglong_6",1,[[9,1,-46,[3,"c2bG354D5YgYMcLpq/QnkX"],[0,1],[10],1,2,3]],[0,"c3ZZhg255d7Zd0N+sgzybb",1,0],[1,0,-0.003893051063641906,0],[3,-0.7071067215818992,0,0,0.7071068407911908],[1,-89.9999903406537,0,0]],[8,"outline",1,[[9,1,-47,[3,"8fG8xREWZJLIThra1QglKr"],[4,5],[10],1,6,7]],[0,"11obCXjolJIZ0jPIfhM14t",1,0],[1,0,-0.003893051063641906,0],[3,-0.7071067215818992,0,0,0.7071068407911908],[1,-89.9999903406537,0,0]]],0,[0,4,1,0,1,1,0,1,1,0,1,1,0,-1,4,0,-2,35,0,-3,36,0,-1,7,0,-2,12,0,-3,17,0,-4,30,0,-1,5,0,-2,18,0,-3,24,0,0,4,0,-2,6,0,0,5,0,0,5,0,-1,8,0,-1,9,0,-1,10,0,-1,11,0,0,11,0,-1,13,0,-1,14,0,-1,15,0,-1,16,0,0,16,0,-1,19,0,-1,20,0,-1,21,0,-1,22,0,-1,23,0,0,23,0,-1,25,0,-1,26,0,-1,27,0,-1,28,0,-1,29,0,0,29,0,-1,31,0,-1,32,0,-1,33,0,-1,34,0,0,34,0,1,35,0,1,36,0,5,1,2,0,6,3,0,17,47],[0,0,0,0,0,0,0,0,0,0,0,0,0],[-1,-2,2,3,-1,-2,2,3,-1,-2,-3,-4,-5],[0,0,1,2,3,3,1,2,4,5,6,7,8]],[[[18,".bin",3396267098,[{"primitives":[{"primitiveMode":7,"jointMapIndex":0,"vertexBundelIndices":[0],"indexView":{"offset":91080,"length":11022,"count":5511,"stride":2}},{"primitiveMode":7,"jointMapIndex":1,"vertexBundelIndices":[1],"indexView":{"offset":208446,"length":11430,"count":5715,"stride":2}}],"vertexBundles":[{"view":{"offset":0,"length":91080,"count":1265,"stride":72},"attributes":[{"name":"a_position","format":32,"isNormalized":false},{"name":"a_normal","format":32,"isNormalized":false},{"name":"a_texCoord","format":21,"isNormalized":false},{"name":"a_tangent","format":44,"isNormalized":false},{"name":"a_joints","format":42,"isNormalized":false},{"name":"a_weights","format":44,"isNormalized":false}]},{"view":{"offset":102102,"length":106344,"count":1477,"stride":72},"attributes":[{"name":"a_position","format":32,"isNormalized":false},{"name":"a_normal","format":32,"isNormalized":false},{"name":"a_texCoord","format":21,"isNormalized":false},{"name":"a_tangent","format":44,"isNormalized":false},{"name":"a_joints","format":42,"isNormalized":false},{"name":"a_weights","format":44,"isNormalized":false}]}],"jointMaps":[[0,1,2,3,4,5,6,7,8,9,10,11,12,13,14,15,16,17,18,19,20,21,22,23,24,25,26],[0,1,2,3,4,5,6,7,8,9,10,21,22,23,24,25,26,27,28,29,30]]},"minPosition",8,[1,-1.2157001495361328,-4.691343784332275,-0.0009121464681811631],"maxPosition",8,[1,1.2157001495361328,8.182759284973145,5.419869422912598]]],-1],0,0,[],[],[]],[[[19,"Skin-0",3704723201,["Bip01/Bip01 Pelvis/Bip01 Spine/Bip01 Spine1","Bip01/Bip01 Pelvis/Bip01 Spine/Bip01 Spine1/Bip01 Neck","Bip01/Bip01 Pelvis/Bip01 Spine/Bip01 Spine1/Bip01 Neck/Bip01 Head","Bip01/Bip01 Pelvis/Bip01 Spine","Bip01/Bip01 Pelvis/Bip01 Spine/Bip01 Tail","Bip01/Bip01 Pelvis","Bip01/Bip01 Pelvis/Bip01 Spine/Bip01 Tail/Bip01 Tail1","Bip01/Bip01 Pelvis/Bip01 Spine/Bip01 Spine1/Bip01 Neck/Bip01 Head/Bone001","Bip01/Bip01 Pelvis/Bip01 Spine/Bip01 Tail/Bip01 Tail1/Bip01 Tail2/Bip01 Tail3","Bip01/Bip01 Pelvis/Bip01 Spine/Bip01 Tail/Bip01 Tail1/Bip01 Tail2","Bip01/Bip01 Pelvis/Bip01 Spine/Bip01 Tail/Bip01 Tail1/Bip01 Tail2/Bip01 Tail3/Bip01 Tail4","Bip01/Bip01 Pelvis/Bip01 Spine/Bip01 L Thigh","Bip01/Bip01 Pelvis/Bip01 Spine/Bip01 L Thigh/Bip01 L Calf","Bip01/Bip01 Pelvis/Bip01 Spine/Bip01 L Thigh/Bip01 L Calf/Bip01 L HorseLink/Bip01 L Foot/Bip01 L Toe0","Bip01/Bip01 Pelvis/Bip01 Spine/Bip01 L Thigh/Bip01 L Calf/Bip01 L HorseLink/Bip01 L Foot","Bip01/Bip01 Pelvis/Bip01 Spine/Bip01 Spine1/Bip01 Neck/Bip01 L Clavicle/Bip01 L UpperArm","Bip01/Bip01 Pelvis/Bip01 Spine/Bip01 Spine1/Bip01 Neck/Bip01 L Clavicle/Bip01 L UpperArm/Bip01 L Forearm","Bip01/Bip01 Pelvis/Bip01 Spine/Bip01 Spine1/Bip01 Neck/Bip01 L Clavicle/Bip01 L UpperArm/Bip01 L Forearm/Bip01 L Hand","Bip01/Bip01 Pelvis/Bip01 Spine/Bip01 Spine1/Bip01 Neck/Bip01 L Clavicle/Bip01 L UpperArm/Bip01 L Forearm/Bip01 L Hand/Bip01 L Finger0/Bip01 L Finger01","Bip01/Bip01 Pelvis/Bip01 Spine/Bip01 Spine1/Bip01 Neck/Bip01 L Clavicle/Bip01 L UpperArm/Bip01 L Forearm/Bip01 L Hand/Bip01 L Finger0","Bip01/Bip01 Pelvis/Bip01 Spine/Bip01 L Thigh/Bip01 L Calf/Bip01 L HorseLink","Bip01/Bip01 Pelvis/Bip01 Spine/Bip01 R Thigh","Bip01/Bip01 Pelvis/Bip01 Spine/Bip01 R Thigh/Bip01 R Calf","Bip01/Bip01 Pelvis/Bip01 Spine/Bip01 R Thigh/Bip01 R Calf/Bip01 R HorseLink/Bip01 R Foot/Bip01 R Toe0","Bip01/Bip01 Pelvis/Bip01 Spine/Bip01 R Thigh/Bip01 R Calf/Bip01 R HorseLink/Bip01 R Foot","Bip01/Bip01 Pelvis/Bip01 Spine/Bip01 Spine1/Bip01 Neck/Bip01 R Clavicle/Bip01 R UpperArm","Bip01/Bip01 Pelvis/Bip01 Spine/Bip01 Spine1/Bip01 Neck/Bip01 R Clavicle/Bip01 R UpperArm/Bip01 R Forearm","Bip01/Bip01 Pelvis/Bip01 Spine/Bip01 Spine1/Bip01 Neck/Bip01 R Clavicle/Bip01 R UpperArm/Bip01 R Forearm/Bip01 R Hand","Bip01/Bip01 Pelvis/Bip01 Spine/Bip01 Spine1/Bip01 Neck/Bip01 R Clavicle/Bip01 R UpperArm/Bip01 R Forearm/Bip01 R Hand/Bip01 R Finger0/Bip01 R Finger01","Bip01/Bip01 Pelvis/Bip01 Spine/Bip01 Spine1/Bip01 Neck/Bip01 R Clavicle/Bip01 R UpperArm/Bip01 R Forearm/Bip01 R Hand/Bip01 R Finger0","Bip01/Bip01 Pelvis/Bip01 Spine/Bip01 R Thigh/Bip01 R Calf/Bip01 R HorseLink"],[[[7,0.0000010916845667452435,-0.000002244187271571718,0.9999998807907104,0,-0.8997780680656433,-0.4363475441932678,3.028421735606912e-9,0,0.43634748458862305,-0.8997781276702881,-0.000002495624585208134,0,-2.48982834815979,2.6745986938476562,0.000007743889909761492,1],[7,0.000001083700112758379,-0.0000022284755232249154,0.9999998807907104,0,-0.8933447003364563,-0.4493717551231384,-3.329586917288907e-8,0,0.44937169551849365,-0.8933448195457458,-0.0000024777812086540507,0,-3.796574354171753,3.0774269104003906,0.0000028459282930271,1],[7,0.000001118198497351841,-0.0000032703976557968417,0.9999998807907104,0,-0.9138655662536621,0.4060169756412506,0.000002349719579797238,0,-0.4060169756412506,-0.9138656258583069,-0.0000025346957954752725,0,-0.3358311951160431,5.2659759521484375,0.000008941789928940125,1],[7,0.0000011416894949434209,-0.0000023590177988808136,0.9999998807907104,0,-0.9399458765983582,-0.3413231670856476,2.679390718185459e-7,0,0.3413231372833252,-0.9399459958076477,-0.000002607034275570186,0,-1.4497382640838623,2.9159817695617676,0.000008414829608227592,1],[7,-0.0000012166414080638788,-0.0000028334848138911184,0.9999998807907104,0,0.9987905621528625,0.04916221648454666,0.0000013544707826440572,0,-0.049162209033966064,0.9987906813621521,0.000002770245828287443,0,-1.6637190580368042,-3.1971099376678467,-0.000007537937108281767,1],[7,-0.0000016401199900428765,0.0000026346372123953188,0.9999998807907104,0,0.19894911348819733,-0.9800097346305847,0.0000029082707442285027,0,0.9800098538398743,0.19894908368587494,0.0000010831747658812674,0,-3.3400802612304688,-0.012963572517037392,-0.000005471867098094663,1],[7,-0.0000012177050621176022,-0.000002713004732868285,0.9999998807907104,0,0.9987638592720032,-0.049700092524290085,0.0000010813638482431998,0,0.04970008507370949,0.9987639784812927,0.0000027701721592165995,0,-2.943114995956421,-2.9194536209106445,-0.0000067709124778048135,1],[7,4.4703469370688254e-8,-5.003122538482785e-8,-1,0,-0.722795307636261,-0.6910619735717773,2.2632249407905647e-9,0,-0.6910620331764221,0.7227952480316162,-6.705522537231445e-8,0,0.768440842628479,-5.100900173187256,1.69140449202132e-7,1],[7,-0.0000012112426475141547,-0.0000026277209599356866,0.9999998807907104,0,0.9928250908851624,-0.1195731833577156,8.883476425580739e-7,0,0.11957316845655441,0.9928251504898071,0.0000027537005280464655,0,-6.339134216308594,-2.5165228843688965,-0.000005657650945067871,1],[7,-0.000001216154487337917,-0.0000026835896278498694,0.9999998807907104,0,0.9972720742225647,-0.07381018251180649,0.0000010147609827981796,0,0.07381017506122589,0.9972721934318542,0.000002766034185697208,0,-4.672147274017334,-2.806190252304077,-0.000006457974905060837,1],[7,-0.0000012155741160313482,-0.0000026750965389510384,0.9999998807907104,0,0.9967324733734131,-0.0807693600654602,9.955369932868052e-7,0,0.08076935261487961,0.9967325925827026,0.0000027645378395391162,0,-7.416615962982178,-2.8069496154785156,-0.000006460056738433195,1],[7,0.13670054078102112,0.14756722748279572,-0.9795594215393066,0,-0.553436279296875,-0.8087518215179443,-0.19906938076019287,0,-0.8215967416763306,0.5693365931510925,-0.02888774499297142,0,2.976344347000122,-1.4198153018951416,0.7678907513618469,1],[7,-0.08372753858566284,0.1829010248184204,-0.9795594215393066,0,0.5340790152549744,-0.8216634392738342,-0.1990692913532257,0,-0.8412783145904541,-0.5398297309875488,-0.02888774313032627,0,1.8851362466812134,0.8346941471099854,0.7678907513618469,1],[7,0.1370043009519577,-5.988136653201082e-10,-0.9905703663825989,0,-0.9903334975242615,-0.021866442635655403,-0.13697154819965363,0,-0.021660251542925835,0.9997608065605164,-0.0029957976657897234,0,-0.06920567899942398,-0.07030300796031952,0.7349110841751099,1],[7,-3.0461499989087315e-8,0.13700373470783234,-0.9905704259872437,0,0.0218664538115263,-0.9903335571289062,-0.13697098195552826,0,-0.9997608065605164,-0.021660268306732178,-0.0029957559891045094,0,0.33940833806991577,0.4176843762397766,0.7347221374511719,1],[7,-0.07966222614049911,0.1550477147102356,0.9846897721290588,0,-0.149970144033432,0.9747214317321777,-0.16561082005500793,0,-0.9854759573936462,-0.16086700558662415,-0.054395947605371475,0,3.3968698978424072,2.2577836513519287,-0.6014320850372314,1],[7,-0.17074628174304962,0.03509383648633957,0.9846897721290588,0,-0.8535394072532654,0.49400725960731506,-0.1656108796596527,0,-0.4922557771205902,-0.8687491416931152,-0.054395947605371475,0,0.07195447385311127,3.692042350769043,-0.601432204246521,1],[7,-0.1300939917564392,0.06759165227413177,0.9891949892044067,0,-0.6249110698699951,0.7689823508262634,-0.13472972810268402,0,-0.769780158996582,-0.635686457157135,-0.05780122056603432,0,1.03913152217865,3.5658676624298096,-0.5261459946632385,1],[7,-0.08146476000547409,0.12145229429006577,0.9892485737800598,0,-0.17425331473350525,0.9755244255065918,-0.13411718606948853,0,-0.9813252091407776,-0.18330563604831696,-0.05830741673707962,0,2.3979732990264893,2.7166762351989746,-0.5233059525489807,1],[7,-0.096605084836483,0.10979363322257996,0.9892485737800598,0,-0.2999609708786011,0.9444763660430908,-0.1341172456741333,0,-0.9490472674369812,-0.3096923530101776,-0.05830742046236992,0,2.1000704765319824,3.006147861480713,-0.5233060717582703,1],[7,0.04492973908782005,0.1960732340812683,-0.9795592427253723,0,-0.07654392719268799,-0.9769911766052246,-0.19907008111476898,0,-0.9960533380508423,0.08392348140478134,-0.02888774499297142,0,0.9354165196418762,0.3342963457107544,0.7678910493850708,1],[7,-0.13669930398464203,-0.14756512641906738,-0.9795598983764648,0,-0.5534366369247437,-0.808752179145813,0.19906696677207947,0,-0.8215966820716858,0.5693366527557373,0.02888791449368,0,2.976344347000122,-1.419815182685852,-0.7678896188735962,1],[7,0.08372612297534943,-0.18289914727210999,-0.9795598983764648,0,0.5340792536735535,-0.8216637969017029,0.19906695187091827,0,-0.8412783145904541,-0.539829671382904,0.02888791263103485,0,1.8851360082626343,0.8346943259239197,-0.7678896188735962,1],[7,-0.1370018720626831,5.399448710363686e-8,-0.9905706644058228,0,-0.9903337955474854,-0.021866442635655403,0.13696911931037903,0,-0.021660249680280685,0.9997608065605164,0.0029957974329590797,0,-0.06920557469129562,-0.07030301541090012,-0.7349098920822144,1],[7,-6.591828194402183e-10,-0.13700231909751892,-0.990570604801178,0,0.0218664538115263,-0.9903337359428406,0.13696956634521484,0,-0.9997608065605164,-0.021660268306732178,0.0029957559891045094,0,0.33940836787223816,0.41768375039100647,-0.734721302986145,1],[7,0.07966261357069016,-0.15505024790763855,0.9846892952919006,0,-0.1499699354171753,0.9747210144996643,0.16561336815357208,0,-0.9854759573936462,-0.16086699068546295,0.05439594015479088,0,3.3968698978424072,2.2577834129333496,0.6014329791069031,1],[7,0.17074839770793915,-0.035095054656267166,0.9846892952919006,0,-0.853538990020752,0.4940071702003479,0.16561327874660492,0,-0.492255836725235,-0.8687490820884705,0.05439594015479088,0,0.07195466011762619,3.692042350769043,0.6014328598976135,1],[7,0.13009554147720337,-0.06759356707334518,0.9891946315765381,0,-0.6249107122421265,0.7689821720123291,0.134732186794281,0,-0.769780158996582,-0.6356863975524902,0.05780121684074402,0,1.039131760597229,3.5658674240112305,0.5261467695236206,1],[7,0.0814652293920517,-0.12145490199327469,0.9892481565475464,0,-0.17425312101840973,0.9755241870880127,0.13411980867385864,0,-0.9813252091407776,-0.18330566585063934,0.05830741301178932,0,2.3979735374450684,2.7166759967803955,0.5233071446418762,1],[7,0.09660584479570389,-0.10979606211185455,0.9892482161521912,0,-0.299960732460022,0.9444760680198669,0.13411976397037506,0,-0.9490472674369812,-0.3096923530101776,0.05830741673707962,0,2.1000707149505615,3.006147623062134,0.5233069658279419,1],[7,-0.04492969810962677,-0.19607064127922058,-0.9795597791671753,0,-0.07654403150081635,-0.9769917130470276,0.19906750321388245,0,-0.9960533380508423,0.08392349630594254,0.028887908905744553,0,0.9354164600372314,0.33429670333862305,-0.7678898572921753,1]],8,8,8,8,8,8,8,8,8,8,8,8,8,8,8,8,8,8,8,8,8,8,8,8,8,8,8,8,8,8,8]]],0,0,[],[],[]],[[[20,"bawanglong_6",[{"rasterizerState":{},"blendState":{"targets":[{}]},"depthStencilState":{}}],[{"USE_ALBEDO_MAP":true}],[[[{"metallic":0.4000000059604645,"roughness":0.7071067690849304},"mainTexture",6,0]],11]]],0,0,[0,0],[6,7],[9,10]]]]
