[1,["4aOW9o9lNHjI24Di9Owini@b2c77","4aOW9o9lNHjI24Di9Owini@53608","4aOW9o9lNHjI24Di9Owini@438fe","1eA8oB4ztLT5NC3g1bKoxG","4aOW9o9lNHjI24Di9Owini@89137","1brw/JvvpFnIvdrxpFCgMZ","c3KfX2MNxO44zNNLF+LZyb@8a22c","1aynlDIqtFVJ5dpFXhhoDx@05e57","71OPTRTgNIAZfLA+abZxnu@81e2e","13qVvu46ND/IkmnIVhgSr5@ebb6c","00lYRhSU5Gba4RA6pjdDlX@938d1"],["_parent","node","_mesh","_skeleton","mainTexture","_effectAsset","root","data"],[["cc.Node",["_name","_prefab","_lrot","_euler","_parent","_lpos","_children","_components","_lscale"],2,4,5,5,1,5,2,9,5],["cc.Skeleton",["_name","_hash","_joints","_bindposes"],0,12],["cc.Mesh",["_native","_hash","_struct"],1,11],["cc.Material",["_name","_states","_defines","_props"],0,12],["cc.Prefab",["_name"],2],["cc.Node",["_name","_parent","_children","_prefab","_lpos","_lrot","_euler"],2,1,12,4,5,5,5],["cc.Node",["_name","_parent","_children","_prefab","_lpos","_lrot","_euler"],2,1,9,4,5,5,5],["cc.SkeletalAnimation",["node","__prefab","_clips"],3,1,4,3],["cc.CompPrefabInfo",["fileId"],2],["c20db9gKGVMM6j6TBE2jgkc",["node","__prefab"],3,1,4],["cc.BoxCollider",["_isTrigger","node","__prefab","_center","_size"],2,1,4,5,5],["cc.PrefabInfo",["fileId","root","asset"],2,1,1],["cc.SkinnedMeshRenderer",["_shadowCastingMode","node","__prefab","_materials","lightmapSettings","_skinningRoot","_mesh","_skeleton"],2,1,4,3,4,1,6,6],["cc.ModelLightmapSettings",[],3]],[[11,0,1,2,2],[0,0,4,6,1,5,2,3,2],[6,0,1,2,3,4,5,6,2],[8,0,2],[0,0,4,1,5,2],[0,0,6,1,5,2,3,2],[0,0,4,1,5,2,3,2],[0,0,4,7,1,2,3,2],[0,0,4,1,5,2,8,3,2],[12,0,1,2,3,4,5,6,7,2],[13,1],[1,0,1,2,3,4],[2,0,1,2,3],[3,0,1,2,3,4],[4,0,2],[0,0,6,7,1,2],[0,0,4,6,1,2,3,2],[5,0,1,2,3,4,5,6,2],[7,0,1,2,1],[9,0,1,1],[10,0,1,2,3,4,2]],[[[[11,"Skin-0",2522546991,["Bip01/Bip01 Pelvis/Bip01 Spine","Bip01/Bip01 Pelvis","Bip01/Bip01 Pelvis/Bip01 Spine/Bip01 L Thigh","Bip01/Bip01 Pelvis/Bip01 Spine/Bip01 L Thigh/Bip01 L Calf/Bip01 L HorseLink/Bip01 L Foot/Bip01 L Toe0","Bip01/Bip01 Pelvis/Bip01 Spine/Bip01 L Thigh/Bip01 L Calf/Bip01 L HorseLink/Bip01 L Foot","Bip01/Bip01 Pelvis/Bip01 Spine/Bip01 L Thigh/Bip01 L Calf/Bip01 L HorseLink","Bip01/Bip01 Pelvis/Bip01 Spine/Bip01 L Thigh/Bip01 L Calf","Bip01/Bip01 Pelvis/Bip01 Spine/Bip01 Tail","Bip01/Bip01 Pelvis/Bip01 Spine/Bip01 Spine1","Bip01/Bip01 Pelvis/Bip01 Spine/Bip01 Spine1/Bip01 Neck","Bip01/Bip01 Pelvis/Bip01 Spine/Bip01 Spine1/Bip01 Neck/Bip01 L Clavicle/Bip01 L UpperArm","Bip01/Bip01 Pelvis/Bip01 Spine/Bip01 Tail/Bip01 Tail1/Bip01 Tail2/Bip01 Tail3/Bip01 Tail4","Bip01/Bip01 Pelvis/Bip01 Spine/Bip01 Tail/Bip01 Tail1/Bip01 Tail2/Bip01 Tail3","Bip01/Bip01 Pelvis/Bip01 Spine/Bip01 Tail/Bip01 Tail1","Bip01/Bip01 Pelvis/Bip01 Spine/Bip01 Tail/Bip01 Tail1/Bip01 Tail2","Bip01/Bip01 Pelvis/Bip01 Spine/Bip01 Spine1/Bip01 Neck/Bip01 Head","Bip01/Bip01 Pelvis/Bip01 Spine/Bip01 Spine1/Bip01 Neck/Bip01 L Clavicle/Bip01 L UpperArm/Bip01 L Forearm/Bip01 L Hand","Bip01/Bip01 Pelvis/Bip01 Spine/Bip01 Spine1/Bip01 Neck/Bip01 L Clavicle/Bip01 L UpperArm/Bip01 L Forearm/Bip01 L Hand/Bip01 L Finger0/Bip01 L Finger01","Bip01/Bip01 Pelvis/Bip01 Spine/Bip01 Spine1/Bip01 Neck/Bip01 L Clavicle/Bip01 L UpperArm/Bip01 L Forearm/Bip01 L Hand/Bip01 L Finger0","Bip01/Bip01 Pelvis/Bip01 Spine/Bip01 Spine1/Bip01 Neck/Bip01 L Clavicle/Bip01 L UpperArm/Bip01 L Forearm","Bip01/Bip01 Pelvis/Bip01 Spine/Bip01 R Thigh","Bip01/Bip01 Pelvis/Bip01 Spine/Bip01 R Thigh/Bip01 R Calf/Bip01 R HorseLink/Bip01 R Foot/Bip01 R Toe0","Bip01/Bip01 Pelvis/Bip01 Spine/Bip01 R Thigh/Bip01 R Calf/Bip01 R HorseLink/Bip01 R Foot","Bip01/Bip01 Pelvis/Bip01 Spine/Bip01 R Thigh/Bip01 R Calf/Bip01 R HorseLink","Bip01/Bip01 Pelvis/Bip01 Spine/Bip01 R Thigh/Bip01 R Calf","Bip01/Bip01 Pelvis/Bip01 Spine/Bip01 Spine1/Bip01 Neck/Bip01 R Clavicle/Bip01 R UpperArm","Bip01/Bip01 Pelvis/Bip01 Spine/Bip01 Spine1/Bip01 Neck/Bip01 R Clavicle/Bip01 R UpperArm/Bip01 R Forearm/Bip01 R Hand","Bip01/Bip01 Pelvis/Bip01 Spine/Bip01 Spine1/Bip01 Neck/Bip01 R Clavicle/Bip01 R UpperArm/Bip01 R Forearm/Bip01 R Hand/Bip01 R Finger0","Bip01/Bip01 Pelvis/Bip01 Spine/Bip01 Spine1/Bip01 Neck/Bip01 R Clavicle","Bip01/Bip01 Pelvis/Bip01 Spine/Bip01 Spine1/Bip01 Neck/Bip01 R Clavicle/Bip01 R UpperArm/Bip01 R Forearm","Bip01/Bip01 Pelvis/Bip01 Spine/Bip01 Spine1/Bip01 Neck/Bip01 R Clavicle/Bip01 R UpperArm/Bip01 R Forearm/Bip01 R Hand/Bip01 R Finger0/Bip01 R Finger01"],[[[7,0.0000012169025467301253,-0.000002718338919294183,0.9999998807907104,0,-0.9989703893661499,-0.045364271849393845,0.0000010923342870228225,0,0.04536426439881325,-0.9989705085754395,-0.0000027707440040103393,0,-0.7051524519920349,2.0547213554382324,0.000006220414434210397,1],[7,-0.0000016401199900428765,0.0000026346372123953188,0.9999998807907104,0,0.198948934674263,-0.9800097346305847,0.0000029082705168548273,0,0.9800098538398743,0.1989489197731018,0.000001083175334315456,0,-2.248231887817383,-0.3361750543117523,-0.000003025284513569204,1],[7,0.14194412529468536,0.20023328065872192,-0.9694112539291382,0,-0.4164970815181732,-0.8763384222984314,-0.24199368059635162,0,-0.8979878425598145,0.438106507062912,-0.040994517505168915,0,2.0271172523498535,-0.9767252206802368,0.5350661873817444,1],[7,0.1801760345697403,1.2003254390435814e-8,-0.9836342930793762,0,-0.9833990335464478,-0.021866697818040848,-0.18013297021389008,0,-0.0215088352560997,0.9997608661651611,-0.003939843270927668,0,-0.3408648669719696,-0.03303878381848335,0.5359635353088379,1],[7,-3.046150709451467e-8,0.18017493188381195,-0.9836344718933105,0,0.021866630762815475,-0.9833992123603821,-0.18013186752796173,0,-0.9997608661651611,-0.021508777514100075,-0.00393978925421834,0,0.236237570643425,-0.12079731374979019,0.5358360409736633,1],[7,0.07478740066289902,0.23376993834972382,-0.9694112539291382,0,-0.13215473294258118,-0.9612356424331665,-0.2419937700033188,0,-0.9884037375450134,0.14621038734912872,-0.04099451005458832,0,0.5980309844017029,-0.18913422524929047,0.5350661277770996,1],[7,-0.06158589571714401,0.2375892847776413,-0.9694112539291382,0,0.4015069901943207,-0.8833068013191223,-0.24199368059635162,0,-0.9137828946113586,-0.4041287899017334,-0.040994517505168915,0,1.4119586944580078,0.1593986451625824,0.5350661873817444,1],[7,-0.0000012162375924162916,-0.0000028400957035046304,0.9999998807907104,0,0.9985086917877197,0.05459192395210266,0.0000013694700555788586,0,-0.054591916501522064,0.9985088109970093,0.0000027694632080965675,0,-0.8614023327827454,-2.0752511024475098,-0.000004498784619499929,1],[7,0.0000012035329746140633,-0.000002593072849776945,0.9999998807907104,0,-0.988936722278595,-0.14833799004554749,8.055667422013357e-7,0,0.1483379751443863,-0.9889368414878845,-0.0000027429139208834385,0,-1.643295407295227,1.895603060722351,0.000005777530077466508,1],[7,7.031586051198246e-7,-0.0000017971759689316968,0.9999998807907104,0,-0.5843778848648071,-0.8114816546440125,-0.0000010474649343450437,0,0.8114817142486572,-0.5843778252601624,-0.0000016208299484787858,0,-3.127000331878662,-0.2890332341194153,-0.000004544205694401171,1],[7,-0.08389183133840561,-0.03072800673544407,0.9960008263587952,0,0.25348761677742004,0.9659850597381592,0.051152896136045456,0,-0.9636940360069275,0.2567651867866516,-0.07324908673763275,0,2.4609336853027344,1.2210687398910522,-0.1452319324016571,1],[7,-0.000001168162384601601,-0.0000024146472696884302,0.9999998807907104,0,0.9558897614479065,-0.29372555017471313,4.0739098494668724e-7,0,0.29372555017471313,0.955889880657196,0.0000026512554995861137,0,-4.513720512390137,-0.8045029640197754,-9.879544222712866e-7,1],[7,-0.0000012072098343196558,-0.000002595355681478395,0.9999998807907104,0,0.9892747402191162,-0.1460661143064499,8.151687893587223e-7,0,0.1460660994052887,0.9892748594284058,0.0000027438520646683173,0,-3.4556236267089844,-1.4771970510482788,-0.000002846511961251963,1],[7,-0.000001218179249917739,-0.0000027984906409983523,0.9999998807907104,0,0.9997912049293518,0.020428473129868507,0.0000012750939504257985,0,-0.02042846940457821,0.9997913241386414,0.0000027730206966225524,0,-1.7302712202072144,-2.0167033672332764,-0.000004337076006777352,1],[7,-0.0000012186793583168765,-0.0000027712646897271043,0.9999998807907104,0,0.9999980926513672,-0.0019160647643730044,0.0000012133671134506585,0,0.0019160645315423608,0.9999982118606567,0.00000277359413303202,0,-2.505098342895508,-1.9606603384017944,-0.000004182260454399511,1],[7,0.0000012142287459937506,-0.000002889210691137123,0.9999998807907104,0,-0.9954977631568909,0.09478484094142914,0.0000014826152892055688,0,-0.09478484094142914,-0.9954977631568909,-0.000002761112000371213,0,-2.1525535583496094,3.704493761062622,0.000006405734438885702,1],[7,-0.2621524930000305,-0.604211688041687,0.7524652481079102,0,0.11572939157485962,0.7544243335723877,0.6461039185523987,0,-0.9580619931221008,0.2564601004123688,-0.12784916162490845,0,1.171430230140686,1.2450153827667236,1.0053118467330933,1],[7,-0.5638941526412964,-0.3413848876953125,0.7519837021827698,0,0.530820369720459,0.5477250218391418,0.6467046737670898,0,-0.6326555013656616,0.7638415098190308,-0.1276448518037796,0,1.4011104106903076,0.5274282097816467,1.0063031911849976,1],[7,-0.27971383929252625,-0.5968921780586243,0.7519838213920593,0,0.1377100944519043,0.7502059936523438,0.6467045545578003,0,-0.9501558542251587,0.2844479978084564,-0.127644881606102,0,0.9764325618743896,1.2162015438079834,1.006303071975708,1],[7,-0.06279225647449493,-0.06355459243059158,0.9960008263587952,0,-0.18242816627025604,0.9818874001502991,0.05115296691656113,0,-0.9812120795249939,-0.17848657071590424,-0.07324907183647156,0,1.1223630905151367,1.878658413887024,-0.14523181319236755,1],[7,-0.14194326102733612,-0.20023106038570404,-0.9694118499755859,0,-0.4164974093437195,-0.8763388991355896,0.2419913113117218,0,-0.8979877829551697,0.4381065368652344,0.04099467769265175,0,2.0271172523498535,-0.976725161075592,-0.5350658297538757,1],[7,-0.18017363548278809,4.1230393321711745e-8,-0.9836347103118896,0,-0.9833994507789612,-0.0218666959553957,0.18013057112693787,0,-0.02150883339345455,0.9997608661651611,0.003939843270927668,0,-0.3408648669719696,-0.03303878381848335,-0.5359631180763245,1],[7,-6.591828749513695e-10,-0.18017353117465973,-0.9836347103118896,0,0.021866630762815475,-0.9833994507789612,0.1801304668188095,0,-0.9997608661651611,-0.021508777514100075,0.00393978925421834,0,0.23623758554458618,-0.12079781293869019,-0.5358354449272156,1],[7,-0.07478723675012589,-0.23376750946044922,-0.9694118499755859,0,-0.1321549117565155,-0.9612362384796143,0.2419913411140442,0,-0.9884037375450134,0.14621040225028992,0.04099467396736145,0,0.5980308651924133,-0.1891341209411621,-0.535065770149231,1],[7,0.06158479303121567,-0.23758724331855774,-0.9694118499755859,0,0.4015071392059326,-0.8833073377609253,0.24199138581752777,0,-0.9137828946113586,-0.4041287899017334,0.040994685143232346,0,1.4119585752487183,0.1593986451625824,-0.5350658297538757,1],[7,0.08389123529195786,0.030725670978426933,0.9960009455680847,0,0.25348785519599915,0.9659850597381592,-0.051150497049093246,0,-0.9636940360069275,0.256765216588974,0.07324910163879395,0,2.4609336853027344,1.2210687398910522,0.1452328860759735,1],[7,0.26215222477912903,0.6042099595069885,0.7524667978286743,0,0.11573001742362976,0.7544258236885071,-0.6461021900177002,0,-0.9580619931221008,0.25646013021469116,0.12784916162490845,0,1.1714304685592651,1.2450162172317505,-1.005311369895935,1],[7,0.27971351146698,0.5968904495239258,0.7519853711128235,0,0.13771076500415802,0.7502074241638184,-0.646702766418457,0,-0.9501558542251587,0.2844479978084564,0.127644881606102,0,0.9764328598976135,1.2162022590637207,-1.0063024759292603,1],[7,-0.8092767596244812,-0.5350673198699951,0.24243368208408356,0,0.20732401311397552,0.12598194181919098,0.9701263904571533,0,-0.5496251583099365,0.8353631496429443,0.008978055790066719,0,1.4494813680648804,-1.6920245885849,1.8181049823760986,1],[7,0.06279271841049194,0.0635521188378334,0.9960009455680847,0,-0.1824280172586441,0.9818875789642334,-0.051150452345609665,0,-0.9812120795249939,-0.17848658561706543,0.07324907928705215,0,1.1223630905151367,1.878658652305603,0.14523297548294067,1],[7,0.5638929009437561,0.34138360619544983,0.7519852519035339,0,0.5308217406272888,0.5477258563041687,-0.6467028856277466,0,-0.6326555609703064,0.7638415098190308,0.1276448518037796,0,1.401111125946045,0.5274287462234497,-1.0063027143478394,1]],8,8,8,8,8,8,8,8,8,8,8,8,8,8,8,8,8,8,8,8,8,8,8,8,8,8,8,8,8,8,8]]],0,0,[],[],[]],[[[12,".bin",1418588281,[{"primitives":[{"primitiveMode":7,"jointMapIndex":0,"vertexBundelIndices":[0],"indexView":{"offset":117360,"length":15360,"count":7680,"stride":2}},{"primitiveMode":7,"jointMapIndex":1,"vertexBundelIndices":[1],"indexView":{"offset":177360,"length":3708,"count":1854,"stride":2}}],"vertexBundles":[{"view":{"offset":0,"length":117360,"count":1630,"stride":72},"attributes":[{"name":"a_position","format":32,"isNormalized":false},{"name":"a_normal","format":32,"isNormalized":false},{"name":"a_texCoord","format":21,"isNormalized":false},{"name":"a_tangent","format":44,"isNormalized":false},{"name":"a_joints","format":42,"isNormalized":false},{"name":"a_weights","format":44,"isNormalized":false}]},{"view":{"offset":132720,"length":44640,"count":620,"stride":72},"attributes":[{"name":"a_position","format":32,"isNormalized":false},{"name":"a_normal","format":32,"isNormalized":false},{"name":"a_texCoord","format":21,"isNormalized":false},{"name":"a_tangent","format":44,"isNormalized":false},{"name":"a_joints","format":42,"isNormalized":false},{"name":"a_weights","format":44,"isNormalized":false}]}],"jointMaps":[[0,1,2,3,4,5,6,7,8,9,10,11,12,13,14,15,16,17,18,19,20,21,22,23,24,25,26,27,28,29],[0,1,7,8,9,12,14,15,20,21,22,23,24,25,26,27,28,29,30]]},"minPosition",8,[1,-0.8160512447357178,-3.626116991043091,0.003472012234851718],"maxPosition",8,[1,0.8160512447357178,4.714171409606934,4.000640392303467]]],-1],0,0,[],[],[]],[[[13,"fujielong_3",[{"rasterizerState":{},"blendState":{"targets":[{}]},"depthStencilState":{}}],[{"USE_ALBEDO_MAP":true}],[[[{"metallic":0.4000000059604645,"roughness":0.7071067690849304},"mainTexture",6,0]],11]]],0,0,[0,0],[4,5],[4,5]],[[[14,"fujielong_3"],[15,"fujielong_3",[-5,-6,-7],[[18,-2,[3,"d8Hlz9vxted70ita/L7l/3"],[8,9,10,11,12]],[19,-3,[3,"6e+0Enm1tBPZhNgidbM3Az"]],[20,true,-4,[3,"746+xKZi5DNrejq0BM1qqf"],[1,0,1,0],[1,2,2,2]]],[0,"81jXypsR5W+ZU3n9AeKLT8",-1,0]],[5,"Bip01 Spine",[-8,-9,-10,-11],[0,"dcMZm2xTBWW7wnr6jVo0Ad",1,0],[1,-0.32690903544425964,0.6775500774383545,-0.0000022839976736577228],[3,-0.000001879476269581285,-9.776757738289567e-7,0.7596994684519957,0.650274340282059],[1,-179.99964391421275,179.99941170741215,81.12457829763922]],[5,"Bip01 Neck",[-12,-13,-14],[0,"88lRALzuJUgqhogEtLJz3K",1,0],[1,0.7471409440040588,-0.14093445241451263,0.000003844792900054017],[3,1.398731506395766e-13,0.0000010772745170885167,-0.3884029332176528,0.9214896426258751],[1,0.00006866384416421641,0.00016290558021232404,-45.71032336478316]],[17,"Bip01",1,[[[6,"Bip01 Footsteps",-15,[0,"83fbXuiWJZGIk/2MSjlA8E",1,0],[1,-0.45162951946258545,-2.5175758366913215e-8,-2.224698543548584],[3,0.07069320754682981,0.07069329695379417,0.7035636680862324,0.7035645621558759],[1,0,11.475488297588845,90]],-16],4,1],[0,"0023rgXKVVb5vYCTFt+X+L",1,0],[1,4.548702303708296e-9,2.2701711654663086,-0.11782843619585037],[3,0.547482898447271,0.5474823620054772,0.4475069565847044,-0.4475076122357858],[1,-90.00000003319958,-89.99993135085225,11.475501564063487]],[7,"fujielong_3",1,[[9,1,-17,[3,"7boS9dFdlYt5dAXOhHQp8e"],[0,1],[10],1,2,3]],[0,"d0dvgFA2BUEJpZmH1a9kbk",1,0],[3,-0.7071067811865476,0,0,0.7071067811865476],[1,-90.00000000000003,0,0]],[16,"Bip01 Pelvis",4,[2],[0,"5baFIjZSJf84LDZOPKyxw1",1,0],[3,-0.49999964237200345,-0.5000003576277408,-0.49999964237200345,0.5000003576277408],[1,-89.99991803772996,-90,0]],[1,"Bip01 L Thigh",2,[-18],[0,"23rLsQ66xQOqYotA34eB8q",1,0],[1,-0.7198747396469116,-0.21845901012420654,0.4265349209308624],[3,0.8280466284152043,0.5468496736546941,0.1152802941147989,0.044773534401169233],[1,-172.56397149522718,-20.716037655193112,66.34201128836699]],[1,"Bip01 L Calf",7,[-19],[0,"37ZFteFxJVkp25yrHEgUSO",1,0],[1,0.9951080083847046,0,-7.629394360719743e-8],[3,-6.734347819333773e-18,1.843459997368155e-17,-0.4215460397420142,0.9068070006224169],[1,2.9586245621096454e-16,2.4670841713797807e-15,-49.86446795650803]],[1,"Bip01 L HorseLink",8,[-20],[0,"65Dn0QEY9fm7CiLg5eG1pE",1,0],[1,0.8053245544433594,5.7220457705398076e-8,0],[3,-1.6653597482144338e-8,1.6511186955440473e-8,0.27792116782837395,0.9606038853101274],[1,-0.0000027900219345609066,0.000002776845742254276,32.27234522359128]],[1,"Bip01 L Foot",9,[-21],[0,"6d21CcMHRYVYyhRY6ATPIL",1,0],[1,0.40974166989326477,0,-3.814697180359872e-8],[3,0.030517601638092987,-0.02047433284558791,-0.08331855940087746,0.9958451161421384],[1,3.335862433208979,-2.074718465087327,-9.624736351289059]],[2,"Bip01 L Toe0",10,[[8,"Bip01 L Toe0Nub",-22,[0,"4025rAoNhXwoAWuCp7lHda",1,0],[1,0.2890276610851288,-2.38418573772492e-9,-3.814697180359872e-8],[3,5.820766091346741e-10,-2.3283067140944524e-10,1,-6.10968173576977e-17],[1,-1,-0.9999999403953552,-0.9999999403953552],[1,179.99999997331958,-179.99999993329894,-7.016709606562328e-15]]],[0,"aePZn5DhtXWoCw3c+S8egy",1,0],[1,0.20319879055023193,0.22006694972515106,-0.00012767792213708162],[3,1.4413376516958035e-8,1.5879667630600217e-8,0.7071067811865474,0.7071067811865474],[1,0,0.00000233578764884394,90]],[1,"Bip01 R Thigh",2,[-23],[0,"9bx4V6xJJYG6jY3/QAw2SC",1,0],[1,-0.7198747396469116,-0.21845673024654388,-0.42653438448905945],[3,0.8280464853710959,0.5468500155418193,-0.11527883793333588,-0.044775753385366976],[1,172.56468314572493,20.715386827433814,66.34212422447682]],[1,"Bip01 R Calf",12,[-24],[0,"d19lmEgHxU26p4Yg9R2L9l",1,0],[1,0.9951079487800598,0,3.814697180359872e-8],[3,3.8092828717342444e-18,-2.4726838472447215e-17,-0.42154606424843166,0.9068069892301543],[1,-1.2389328889677415e-15,-3.700626807483119e-15,-49.86447105333968]],[1,"Bip01 R HorseLink",13,[-25],[0,"27fm8uAYxUZ75H8XfrU/it",1,0],[1,0.8053245544433594,7.629394360719743e-8,-7.629394360719743e-8],[3,1.91264389499886e-8,-9.978640058572848e-9,0.27792116782837395,0.9606038853101274],[1,0.000002865902424949118,-0.0000020195242802609724,32.27234522359129]],[1,"Bip01 R Foot",14,[-26],[0,"d8ueUMyzxRypUHH1+DrH4z",1,0],[1,0.40974175930023193,1.907348590179936e-8,-1.4210854397564648e-16],[3,-0.030517607166123898,0.020474420349717738,-0.08331855923732764,0.9958451141873486],[1,-3.3358622215824902,2.0747285439804495,-9.624736636960055]],[2,"Bip01 R Toe0",15,[[4,"Bip01 R Toe0Nub",-27,[0,"49syiNSgFa3pXOpGDFs4IH",1,0],[1,0.2890276610851288,-2.38418573772492e-9,0]]],[0,"e6HpIE7Xped5VrwXd0KJss",1,0],[1,0.20319877564907074,0.22006696462631226,0.00012767792213708162],[3,-1.4572870271226886e-8,-1.6378722658672802e-8,0.7071067811865474,0.7071067811865474],[1,0,-0.0000023616347181167515,90]],[1,"Bip01 Spine1",2,[3],[0,"eeMw6GVzdZ0LPFuif1PXJz",1,0],[1,0.733488142490387,-0.0005258178571239114,-1.4581018614734376e-9],[3,-1.558566416307917e-13,1.4348038181104965e-7,-0.05173073481057757,0.9986610691700849],[1,8.550969124775641e-7,0.000016507978474333,-5.930552654449016]],[2,"Bip01 Head",3,[[4,"Bip01 HeadNub",-28,[0,"abJU+KiuBbWo2VGDgACnew",1,0],[1,1.213925838470459,-3.0517577442878974e-7,-1.164153192248496e-12]]],[0,"e2dz5RD+NZ8bzsc3a5O6Sa",1,0],[1,1.1574621200561523,-0.3010513186454773,-6.617268013542343e-7],[3,1.1890770266915956e-12,-0.0000013800862207095958,0.49757885014891035,0.8674187500178813],[1,0.00015587474700503215,-0.00027173289601868005,59.67989374776845]],[1,"Bip01 L Clavicle",3,[-29],[0,"6275XiX9FW0I7ciIuWbwBZ",1,0],[1,-0.2650039792060852,-0.06887786835432053,0.17308248579502106],[3,0.441813733907561,0.4284647373663977,0.7745976391141671,-0.14566087615746753],[1,-126.68611343915661,-125.02399890974264,8.797694389497009]],[1,"Bip01 L UpperArm",19,[-30],[0,"4176FNo0JVr6p+HzjW1uz/",1,0],[1,0.2663314938545227,1.5258788721439487e-7,-1.5258788721439487e-7],[3,-0.5005210651837926,0.3914447139558841,-0.2993398018978934,0.7117902656141116],[1,-56.23031896162506,26.60376915602282,-54.88378593232155]],[1,"Bip01 L Forearm",20,[-31],[0,"2bnAnBMx1QK7Xz6RrtCCnn",1,0],[1,0.6448803544044495,1.5258788721439487e-7,-5.7220457705398076e-8],[3,9.232141170920655e-19,-1.1761216340642565e-17,-0.2183887378496526,0.9758618545575165],[1,-2.1124120455909323e-16,-1.4283464509387495e-15,-25.228826856602637]],[1,"Bip01 L Hand",21,[-32],[0,"02LbrpUPdRqYjeTJvUwRNm",1,0],[1,0.5038862824440002,2.8421708795129297e-16,1.907348590179936e-8],[3,-0.32021636116086616,0.039063215676955455,0.1754099298556535,0.9301434855622569],[1,-39.72450078655915,11.187664005087658,17.535427205036633]],[1,"Bip01 L Finger0",22,[-33],[0,"83n4H3M6VdbJxST5bJIvyU",1,0],[1,0.23095351457595825,-1.4210854397564648e-16,-7.629394360719743e-8],[3,-0.0003981134328925991,0.000005817415680840219,0.014612137761926984,0.9998931577433053],[1,-0.045644802072774,0.0013337371915770485,1.6744868400540136]],[2,"Bip01 L Finger01",23,[[4,"Bip01 L Finger0Nub",-34,[0,"d897KQ3WpRK5zkrxQf7yVe",1,0],[1,0.13101868331432343,3.814697180359872e-8,7.629394360719743e-8]]],[0,"82Z4MFw0BUK6o/H6e3ih/r",1,0],[1,0.10342315584421158,-7.629394360719743e-8,7.629394360719743e-8],[3,-5.725054989855757e-9,6.050842380837607e-9,0.2898709421916267,0.9570657432344649],[1,-9.962930255957146e-7,0.0000010262323845704002,33.7004593578289]],[1,"Bip01 R Clavicle",3,[-35],[0,"92MhtD1pBdaI3AcZpCIYpS",1,0],[1,-0.2650042772293091,-0.06887680292129517,-0.1730913370847702],[3,-0.44181417312608173,-0.4284668755534144,0.7745964333175841,-0.1456596665864961],[1,126.6859294697768,125.02402209187494,8.79795476119054]],[1,"Bip01 R UpperArm",25,[-36],[0,"04c2lBLzNfl73VbEeTKBWT",1,0],[1,0.2663313150405884,1.5258788721439487e-7,-1.5258788721439487e-7],[3,0.5005210754880111,-0.3914446922122265,-0.2993397782580736,0.7117902802677254],[1,56.23032169579046,-26.60376619800689,-54.8837820896439]],[1,"Bip01 R Forearm",26,[-37],[0,"5cdNbLYAZXoaQbBOIXkhZV",1,0],[1,0.6448803544044495,-1.4210854397564648e-16,2.8610228852699038e-8],[3,-5.989817912773107e-18,2.0894420230930958e-17,-0.21838875204012323,0.9758618513818222],[1,-1.6241325787699156e-16,2.417201735232855e-15,-25.22882852293292]],[1,"Bip01 R Hand",27,[-38],[0,"03hx8tt5Bfv4d2SzHTpRCK",1,0],[1,0.503886342048645,-1.5258788721439487e-7,9.53674295089968e-9],[3,0.3202163621842452,-0.03906320090063613,0.17540991551508447,0.9301434885349011],[1,39.72450033511565,-11.187661734021189,17.53542622852065]],[1,"Bip01 R Finger0",28,[-39],[0,"72JPWtC3hWQaYx+szWRkZH",1,0],[1,0.23095351457595825,0,7.629394360719743e-8],[3,0.00039810030706677254,-0.0000058138818391049425,0.01461213776200364,0.9998931577485508],[1,0.04564329156220199,-0.001333310125800763,1.6744868402416202]],[2,"Bip01 R Finger01",29,[[8,"Bip01 R Finger0Nub",-40,[0,"3ae3uqSO5aW4FwG49kFy7a",1,0],[1,0.1310185194015503,3.814697180359872e-8,-7.629394360719743e-8],[3,1.1175869119028901e-8,1.4901161193847653e-8,0.9999999999999998,-2.27765783088142e-16],[1,-1.0000001192092896,-1,-1],[1,-179.99999829245272,-179.99999871933974,-7.016711121317651e-15]]],[0,"88SHIao0RWyZsnyiuYVXBY",1,0],[1,0.10342323035001755,-7.629394360719743e-8,7.629394360719743e-8],[3,-3.100827980933775e-8,-1.328402962827922e-8,0.2898709421916265,0.9570657432344643],[1,-0.000003557278777028857,-5.131161761771867e-7,33.70045935782891]],[1,"Bip01 Tail",2,[-41],[0,"d80hj4pzlYYoklie8Jqw2x",1,0],[1,-1.585691213607788,-0.012482604943215847,-7.70073370404134e-7],[3,-7.00005916106934e-14,-0.0000027735709375894,0.9999893295687999,0.004619603971064731],[1,179.9996821620078,-179.9999985317067,0.5293695039933505]],[1,"Bip01 Tail1",31,[-42],[0,"e0ukJ51dlafImceUdjaq1b",1,0],[1,0.7989221215248108,-0.0005812072777189314,-1.6123522517119682e-9],[3,7.824228184809264e-14,-4.7411322013432523e-8,0.017093760584759036,0.9998538910006145],[1,9.293260334984098e-8,-0.0000054353200218526614,1.958896080072251]],[1,"Bip01 Tail2",32,[-43],[0,"d9aUPrlg9Uh6rOzxg1lV4t",1,0],[1,0.7303922772407532,-0.0005581665318459272,-1.5480327020256368e-9],[3,-1.7533161686343339e-13,-3.0988661960928175e-8,0.011172748047501527,0.999937582902586],[1,3.966467745518158e-8,-0.0000035517039367357596,1.280329255625873]],[1,"Bip01 Tail3",33,[-44],[0,"7aSfj+qYNb+5g/L6SaUmRd",1,0],[1,0.7014561295509338,-0.0006973266717977822,-1.9339494450321126e-9],[3,4.113897122825892e-14,-2.004597406575104e-7,0.07227418678409411,0.9973848013302878],[1,0.0000016777421951445817,-0.000023152800830644296,8.289239003823106]],[2,"Bip01 Tail4",34,[[6,"Bip01 TailNub",-45,[0,"8aIPrV+YBYLYr6JEAlENCW",1,0],[1,0.7070736885070801,7.629394360719743e-8,1.164153192248496e-12],[3,0.7073882378915716,0.706825212404548,9.802253306413663e-7,-9.810061318601392e-7],[1,0,180.0001589155941,90]]],[0,"5fs3nHbaJfeJG7ZBYdQvHE",1,0],[1,0.8849328756332397,-0.0005567932385019958,-1.5442492840023192e-9],[3,-7.058584191237168e-15,-2.099428078084718e-7,0.07569324834272265,0.9971311509301487],[1,0.0000018421112946973872,-0.00002426672661689055,8.682111480165958]],[7,"outline",1,[[9,1,-46,[3,"aaf3ahhWRNhbq4zCwrxY9e"],[4,5],[10],1,6,7]],[0,"b3wPsVcHdAR6rWGFoKWryZ",1,0],[3,-0.7071067811865476,0,0,0.7071067811865476],[1,-90.00000000000003,0,0]]],0,[0,6,1,0,1,1,0,1,1,0,1,1,0,-1,5,0,-2,4,0,-3,36,0,-1,7,0,-2,12,0,-3,17,0,-4,31,0,-1,18,0,-2,19,0,-3,25,0,0,4,0,-2,6,0,1,5,0,-1,8,0,-1,9,0,-1,10,0,-1,11,0,0,11,0,-1,13,0,-1,14,0,-1,15,0,-1,16,0,0,16,0,0,18,0,-1,20,0,-1,21,0,-1,22,0,-1,23,0,-1,24,0,0,24,0,-1,26,0,-1,27,0,-1,28,0,-1,29,0,-1,30,0,0,30,0,-1,32,0,-1,33,0,-1,34,0,-1,35,0,0,35,0,1,36,0,7,1,2,0,6,3,0,17,46],[0,0,0,0,0,0,0,0,0,0,0,0,0],[-1,-2,2,3,-1,-2,2,3,-1,-2,-3,-4,-5],[0,0,1,2,3,3,1,2,6,7,8,9,10]]]]
