[1,["65Cdy4VQJLi7NhvVAapfS2@917d7","65Cdy4VQJLi7NhvVAapfS2@7d611","65Cdy4VQJLi7NhvVAapfS2@438fe","1eA8oB4ztLT5NC3g1bKoxG","65Cdy4VQJLi7NhvVAapfS2@f17b7","1brw/JvvpFnIvdrxpFCgMZ","26k8v6VZhP0YZjyWes/Lz7@8a22c","540A6Y1V9FHZyvH2ueD/PY@05e57","ba0Y5gUw1Emp5YRZ3GvVlH@79bd1","87IqCQL7xE84lG/8spbb96@ebb6c","b5q1fOzO1KZq2l08imuG9+@938d1"],["_parent","node","_mesh","_skeleton","mainTexture","_effectAsset","root","data"],[["cc.Node",["_name","_active","_prefab","_lrot","_euler","_parent","_lpos","_children","_components","_lscale"],1,4,5,5,1,5,2,9,5],["cc.SkinnedMeshRenderer",["_shadowCastingMode","_shadowReceivingMode","node","__prefab","_materials","lightmapSettings","_skinningRoot","_mesh","_skeleton"],1,1,4,3,4,1,6,6],["cc.Skeleton",["_name","_hash","_joints","_bindposes"],0,12],["cc.Mesh",["_native","_hash","_struct"],1,11],["cc.Material",["_name","_states","_defines","_props"],0,12],["cc.Prefab",["_name"],2],["cc.Node",["_name","_parent","_children","_prefab","_lpos","_lrot","_euler"],2,1,12,4,5,5,5],["cc.Node",["_name","_parent","_children","_prefab","_lpos","_lrot","_euler"],2,1,9,4,5,5,5],["cc.SkeletalAnimation",["playOnLoad","node","__prefab","_clips"],2,1,4,3],["cc.CompPrefabInfo",["fileId"],2],["cc.BoxCollider",["node","__prefab","_center","_size"],3,1,4,5,5],["c20db9gKGVMM6j6TBE2jgkc",["node","__prefab"],3,1,4],["cc.PrefabInfo",["fileId","root","asset"],2,1,1],["cc.ModelLightmapSettings",[],3]],[[12,0,1,2,2],[0,0,5,7,2,6,3,4,2],[7,0,1,2,3,4,5,6,2],[9,0,2],[0,0,5,2,6,3,4,2],[0,0,5,2,6,2],[0,0,7,2,6,3,4,2],[0,0,5,2,6,3,9,4,2],[13,1],[2,0,1,2,3,4],[3,0,1,2,3],[4,0,1,2,3,4],[5,0,2],[0,0,7,8,2,9,2],[0,0,5,8,2,3,4,2],[0,0,5,7,2,3,4,2],[0,0,1,5,8,2,3,4,3],[6,0,1,2,3,4,5,6,2],[8,0,1,2,3,2],[10,0,1,2,3,1],[11,0,1,1],[1,0,2,3,4,5,6,7,8,2],[1,1,2,3,4,5,6,7,8,2]],[[[[9,"Skin-0",1189084696,["Bip01/Bip01 Pelvis/Bip01 Spine/Bip01 L Thigh","Bip01/Bip01 Pelvis/Bip01 Spine/Bip01 L Thigh/Bip01 L Calf","Bip01/Bip01 Pelvis","Bip01/Bip01 Pelvis/Bip01 Spine","Bip01/Bip01 Pelvis/Bip01 Spine/Bip01 L Thigh/Bip01 L Calf/Bip01 L HorseLink/Bip01 L Foot/Bip01 L Toe0","Bip01/Bip01 Pelvis/Bip01 Spine/Bip01 L Thigh/Bip01 L Calf/Bip01 L HorseLink/Bip01 L Foot","Bip01/Bip01 Pelvis/Bip01 Spine/Bip01 Spine1/Bip01 Neck","Bip01/Bip01 Pelvis/Bip01 Spine/Bip01 Spine1/Bip01 Neck/Bip01 Head","Bip01/Bip01 Pelvis/Bip01 Spine/Bip01 Spine1","Bip01/Bip01 Pelvis/Bip01 Spine/Bip01 Tail","Bip01/Bip01 Pelvis/Bip01 Spine/Bip01 Spine1/Bip01 Neck/Bip01 L Clavicle/Bip01 L UpperArm","Bip01/Bip01 Pelvis/Bip01 Spine/Bip01 Tail/Bip01 Tail1","Bip01/Bip01 Pelvis/Bip01 Spine/Bip01 Spine1/Bip01 Neck/Bip01 L Clavicle/Bip01 L UpperArm/Bip01 L Forearm/Bip01 L Hand","Bip01/Bip01 Pelvis/Bip01 Spine/Bip01 Spine1/Bip01 Neck/Bip01 L Clavicle/Bip01 L UpperArm/Bip01 L Forearm","Bip01/Bip01 Pelvis/Bip01 Spine/Bip01 Spine1/Bip01 Neck/Bip01 L Clavicle/Bip01 L UpperArm/Bip01 L Forearm/Bip01 L Hand/Bip01 L Finger0/Bip01 L Finger01","Bip01/Bip01 Pelvis/Bip01 Spine/Bip01 Spine1/Bip01 Neck/Bip01 L Clavicle/Bip01 L UpperArm/Bip01 L Forearm/Bip01 L Hand/Bip01 L Finger0","Bip01/Bip01 Pelvis/Bip01 Spine/Bip01 L Thigh/Bip01 L Calf/Bip01 L HorseLink","Bip01/Bip01 Pelvis/Bip01 Spine/Bip01 Tail/Bip01 Tail1/Bip01 Tail2","Bip01/Bip01 Pelvis/Bip01 Spine/Bip01 Spine1/Bip01 Neck/Bip01 Head/Bone001","Bip01/Bip01 Pelvis/Bip01 Spine/Bip01 Tail/Bip01 Tail1/Bip01 Tail2/Bip01 Tail3","Bip01/Bip01 Pelvis/Bip01 Spine/Bip01 Tail/Bip01 Tail1/Bip01 Tail2/Bip01 Tail3/Bip01 Tail4","Bip01/Bip01 Pelvis/Bip01 Spine/Bip01 R Thigh","Bip01/Bip01 Pelvis/Bip01 Spine/Bip01 R Thigh/Bip01 R Calf","Bip01/Bip01 Pelvis/Bip01 Spine/Bip01 R Thigh/Bip01 R Calf/Bip01 R HorseLink/Bip01 R Foot/Bip01 R Toe0","Bip01/Bip01 Pelvis/Bip01 Spine/Bip01 R Thigh/Bip01 R Calf/Bip01 R HorseLink/Bip01 R Foot","Bip01/Bip01 Pelvis/Bip01 Spine/Bip01 Spine1/Bip01 Neck/Bip01 R Clavicle/Bip01 R UpperArm","Bip01/Bip01 Pelvis/Bip01 Spine/Bip01 Spine1/Bip01 Neck/Bip01 R Clavicle/Bip01 R UpperArm/Bip01 R Forearm/Bip01 R Hand","Bip01/Bip01 Pelvis/Bip01 Spine/Bip01 Spine1/Bip01 Neck/Bip01 R Clavicle/Bip01 R UpperArm/Bip01 R Forearm/Bip01 R Hand/Bip01 R Finger0/Bip01 R Finger01","Bip01/Bip01 Pelvis/Bip01 Spine/Bip01 Spine1/Bip01 Neck/Bip01 R Clavicle/Bip01 R UpperArm/Bip01 R Forearm/Bip01 R Hand/Bip01 R Finger0","Bip01/Bip01 Pelvis/Bip01 Spine/Bip01 R Thigh/Bip01 R Calf/Bip01 R HorseLink","Bip01/Bip01 Pelvis/Bip01 Spine/Bip01 Spine1/Bip01 Neck/Bip01 R Clavicle/Bip01 R UpperArm/Bip01 R Forearm"],[[[7,0.13670054078102112,0.14756722748279572,-0.9795594215393066,0,-0.5534361600875854,-0.8087518811225891,-0.19906938076019287,0,-0.8215968608856201,0.569336473941803,-0.028887778520584106,0,2.9731459617614746,-1.417598843574524,0.7677782773971558,1],[7,-0.08372753858566284,0.1829010248184204,-0.9795594215393066,0,0.5340791344642639,-0.8216633200645447,-0.1990692913532257,0,-0.8412782549858093,-0.5398298501968384,-0.028887776657938957,0,1.8818610906600952,0.8325925469398499,0.7677782773971558,1],[7,-0.0000016401199900428765,0.0000026346372123953188,0.9999998807907104,0,0.198948934674263,-0.9800097346305847,0.0000029082705168548273,0,0.9800098538398743,0.1989489197731018,0.000001083175334315456,0,-3.3362650871276855,-0.012189053930342197,-0.0000054676502259098925,1],[7,0.0000011416894949434209,-0.0000023590177988808136,0.9999998807907104,0,-0.9399459362030029,-0.34132301807403564,2.679395265658968e-7,0,0.34132295846939087,-0.9399460554122925,-0.0000026070340481965104,0,-1.4484095573425293,2.912322521209717,0.000008404680556850508,1],[7,0.1370043009519577,-5.988136653201082e-10,-0.9905703663825989,0,-0.9903334975242615,-0.02186661772429943,-0.13697153329849243,0,-0.021660424768924713,0.9997608065605164,-0.002995821414515376,0,-0.06929000467061996,-0.06641089171171188,0.7348994612693787,1],[7,-3.0461499989087315e-8,0.13700373470783234,-0.9905704259872437,0,0.021866628900170326,-0.9903335571289062,-0.13697098195552826,0,-0.9997608065605164,-0.021660441532731056,-0.0029957799706608057,0,0.3355162441730499,0.4176000654697418,0.7347104549407959,1],[7,0.000001083700112758379,-0.0000022284755232249154,0.9999998807907104,0,-0.8933448195457458,-0.4493715763092041,-3.3295435741820256e-8,0,0.4493715465068817,-0.8933448791503906,-0.0000024777812086540507,0,-3.7948248386383057,3.073949098587036,0.0000028362821922200965,1],[7,0.000001118198497351841,-0.0000032703976557968417,0.9999998807907104,0,-0.9138655066490173,0.40601712465286255,0.000002349720034544589,0,-0.40601712465286255,-0.9138655066490173,-0.0000025346953407279216,0,-0.3374118208885193,5.262418270111084,0.000008931921911425889,1],[7,0.0000010916845667452435,-0.000002244187271571718,0.9999998807907104,0,-0.8997781276702881,-0.4363473951816559,3.0288580532555898e-9,0,0.4363473355770111,-0.8997781872749329,-0.000002495624585208134,0,-2.4881296157836914,2.671095848083496,0.000007734173777862452,1],[7,-0.0000012166416354375542,-0.0000028334848138911184,0.9999998807907104,0,0.9987908601760864,0.04916189983487129,0.0000013544698731493554,0,-0.049161896109580994,0.998790979385376,0.0000027702453735400923,0,-1.6639113426208496,-3.1932220458984375,-0.000007527149136876687,1],[7,-0.07966222614049911,0.1550477147102356,0.9846897721290588,0,-0.14996998012065887,0.9747214317321777,-0.16561080515384674,0,-0.9854759573936462,-0.16086682677268982,-0.05439597740769386,0,3.393033266067505,2.257157564163208,-0.6016438603401184,1],[7,-0.0000012177054031781154,-0.0000027130045054946095,0.9999998807907104,0,0.9987640976905823,-0.04970039427280426,0.0000010813630524353357,0,0.04970039054751396,0.9987642168998718,0.000002770171477095573,0,-2.942922353744507,-2.9155662059783936,-0.000006760125415894436,1],[7,-0.1300939917564392,0.06759165227413177,0.9891949892044067,0,-0.6249108910560608,0.768982470035553,-0.13472971320152283,0,-0.7697802782058716,-0.6356863379478455,-0.05780124291777611,0,1.0361347198486328,3.5633928775787354,-0.5263710021972656,1],[7,-0.17074628174304962,0.03509383648633957,0.9846897721290588,0,-0.8535392880439758,0.494007408618927,-0.16561086475849152,0,-0.49225592613220215,-0.8687490224838257,-0.05439597740769386,0,0.0700380951166153,3.6886603832244873,-0.601643979549408,1],[7,-0.08146476000547409,0.12145229429006577,0.9892485737800598,0,-0.17425313591957092,0.9755244851112366,-0.13411717116832733,0,-0.9813252687454224,-0.18330545723438263,-0.05830743908882141,0,2.394153118133545,2.7159626483917236,-0.5235329270362854,1],[7,-0.096605084836483,0.10979363322257996,0.9892485737800598,0,-0.29996082186698914,0.9444763660430908,-0.1341172307729721,0,-0.949047327041626,-0.3096921741962433,-0.05830744281411171,0,2.0963757038116455,3.0049421787261963,-0.523533046245575,1],[7,0.04492973908782005,0.1960732340812683,-0.9795592427253723,0,-0.07654375582933426,-0.9769911766052246,-0.1990700662136078,0,-0.9960533380508423,0.08392331004142761,-0.028887780383229256,0,0.9315388202667236,0.3346230685710907,0.7677785754203796,1],[7,-0.0000012161548283984303,-0.000002683589400476194,0.9999998807907104,0,0.9972723126411438,-0.07381048053503036,0.0000010147603006771533,0,0.07381048053503036,0.9972723722457886,0.0000027660337309498573,0,-4.671861171722412,-2.8023083209991455,-0.000006447204214055091,1],[7,4.4703469370688254e-8,-5.003122538482785e-8,-1,0,-0.7227951884269714,-0.6910620927810669,2.2632367091546257e-9,0,-0.6910621523857117,0.7227950692176819,-6.705522537231445e-8,0,0.7657504677772522,-5.098086357116699,1.6887941001186846e-7,1],[7,-0.0000012112429885746678,-0.000002627720732562011,0.9999998807907104,0,0.9928253293037415,-0.11957348138093948,8.883470741238852e-7,0,0.11957346647977829,0.992825448513031,0.0000027536996185517637,0,-6.338670253753662,-2.5126585960388184,-0.000005646929366776021,1],[7,-0.0000012155744570918614,-0.000002675096311577363,0.9999998807907104,0,0.996732771396637,-0.08076963573694229,9.95536311165779e-7,0,0.0807696282863617,0.9967328906059265,0.00000276453715741809,0,-7.416303634643555,-2.803070306777954,-0.000006449292413890362,1],[7,-0.13669930398464203,-0.14756512641906738,-0.9795598983764648,0,-0.5534364581108093,-0.8087522387504578,0.19906695187091827,0,-0.8215968012809753,0.5693365335464478,0.028887948021292686,0,2.9731457233428955,-1.4175987243652344,-0.767777144908905,1],[7,0.08372612297534943,-0.18289914727210999,-0.9795598983764648,0,0.534079372882843,-0.8216637372970581,0.19906695187091827,0,-0.8412781953811646,-0.5398298501968384,0.028887946158647537,0,1.8818608522415161,0.8325927257537842,-0.767777144908905,1],[7,-0.1370018720626831,5.399448710363686e-8,-0.9905706644058228,0,-0.9903337955474854,-0.02186661772429943,0.13696911931037903,0,-0.021660422906279564,0.9997608065605164,0.002995821414515376,0,-0.06928990036249161,-0.06641089171171188,-0.7348982095718384,1],[7,-6.591828194402183e-10,-0.13700231909751892,-0.990570604801178,0,0.021866628900170326,-0.9903337359428406,0.13696956634521484,0,-0.9997608065605164,-0.021660441532731056,0.0029957799706608057,0,0.3355162441730499,0.4175994396209717,-0.734709620475769,1],[7,0.07966261357069016,-0.15505024790763855,0.9846892952919006,0,-0.14996977150440216,0.9747210144996643,0.1656133532524109,0,-0.9854759573936462,-0.16086682677268982,0.054395969957113266,0,3.393033504486084,2.25715708732605,0.60164475440979,1],[7,0.13009554147720337,-0.06759356707334518,0.9891946315765381,0,-0.6249105930328369,0.7689822912216187,0.1347321718931198,0,-0.7697802782058716,-0.6356862783432007,0.05780123919248581,0,1.036134958267212,3.5633926391601562,0.5263717770576477,1],[7,0.0814652293920517,-0.12145490199327469,0.9892481565475464,0,-0.1742529422044754,0.9755241870880127,0.13411980867385864,0,-0.9813252687454224,-0.1833055019378662,0.05830743908882141,0,2.394153118133545,2.7159624099731445,0.5235341191291809,1],[7,0.09660584479570389,-0.10979606211185455,0.9892482161521912,0,-0.29996058344841003,0.9444761276245117,0.13411976397037506,0,-0.949047327041626,-0.3096922039985657,0.05830743908882141,0,2.0963759422302246,3.004941940307617,0.5235339999198914,1],[7,-0.04492969810962677,-0.19607064127922058,-0.9795597791671753,0,-0.07654386013746262,-0.9769917130470276,0.19906748831272125,0,-0.9960533380508423,0.0839233249425888,0.028887944296002388,0,0.9315388202667236,0.33462342619895935,-0.7677773833274841,1],[7,0.17074839770793915,-0.035095054656267166,0.9846892952919006,0,-0.8535389304161072,0.49400731921195984,0.16561327874660492,0,-0.4922559857368469,-0.8687490224838257,0.054395969957113266,0,0.07003828138113022,3.688660144805908,0.6016446352005005,1]],8,8,8,8,8,8,8,8,8,8,8,8,8,8,8,8,8,8,8,8,8,8,8,8,8,8,8,8,8,8,8]]],0,0,[],[],[]],[[[10,".bin",2741149878,[{"primitives":[{"primitiveMode":7,"jointMapIndex":0,"vertexBundelIndices":[0],"indexView":{"offset":117000,"length":14112,"count":7056,"stride":2}},{"primitiveMode":7,"jointMapIndex":1,"vertexBundelIndices":[1],"indexView":{"offset":262584,"length":14724,"count":7362,"stride":2}}],"vertexBundles":[{"view":{"offset":0,"length":117000,"count":1625,"stride":72},"attributes":[{"name":"a_position","format":32,"isNormalized":false},{"name":"a_normal","format":32,"isNormalized":false},{"name":"a_texCoord","format":21,"isNormalized":false},{"name":"a_tangent","format":44,"isNormalized":false},{"name":"a_joints","format":42,"isNormalized":false},{"name":"a_weights","format":44,"isNormalized":false}]},{"view":{"offset":131112,"length":131472,"count":1826,"stride":72},"attributes":[{"name":"a_position","format":32,"isNormalized":false},{"name":"a_normal","format":32,"isNormalized":false},{"name":"a_texCoord","format":21,"isNormalized":false},{"name":"a_tangent","format":44,"isNormalized":false},{"name":"a_joints","format":42,"isNormalized":false},{"name":"a_weights","format":44,"isNormalized":false}]}],"jointMaps":[[0,1,2,3,4,5,6,7,8,9,10,11,12,13,14,15,16,17,18,19,20,21,23,24,25,29],[0,2,3,6,7,8,9,11,17,18,19,20,21,22,23,24,25,26,27,28,29,30]]},"minPosition",8,[1,-1.2157001495361328,-4.691342353820801,-0.0009123238851316273],"maxPosition",8,[1,1.2157001495361328,8.182760238647461,5.452434062957764]]],-1],0,0,[],[],[]],[[[11,"baolong_3",[{"rasterizerState":{},"blendState":{"targets":[{}]},"depthStencilState":{}}],[{"USE_ALBEDO_MAP":true}],[[[{"metallic":0.4000000059604645,"roughness":0.7071067690849304},"mainTexture",6,0]],11]]],0,0,[0,0],[4,5],[4,5]],[[[12,"baolong_3"],[13,"baolong_3",[-5,-6,-7],[[18,true,-2,[3,"24pwt4MU9fkJjdKRImQ+A6"],[8,9,10,11,12]],[19,-3,[3,"32sWZoDy9FvJryP6umdtIL"],[1,0,1,0],[1,3,2,3]],[20,-4,[3,"53ARdt9OdEI5eHnXjBJyEO"]]],[0,"c3Y8pZbE1QZZ31pIRMXU4y",-1,0],[1,0.6,0.6,0.6]],[6,"Bip01 Spine",[-8,-9,-10,-11],[0,"95xJDyOcxa+KP1tkUvIBqE",1,0],[1,-0.2421582043170929,0.9908146858215332,-0.0000028610884328372777],[3,-0.000002028379611983558,-9.7793064016099e-7,0.6528787521930254,0.7574624313652839],[1,-0.0006976173407182036,0.0004533517809194808,81.51800147552524]],[6,"Bip01 Neck",[-12,-13,-14],[0,"9bwev/lDRWt5X/Cy+vNcku",1,0],[1,1.2616424560546875,-0.45765259861946106,0.000004751138021674706],[3,3.981979921146095e-15,2.0145214049165903e-8,-0.007263211266716346,0.9999736225331618],[1,1.6769141673193022e-8,0.0000023086541790774984,-0.8323100206789553]],[17,"Bip01",1,[[[4,"Bip01 Footsteps",-15,[0,"f1fq0c2p1fc41o67cdBcWh",1,0],[1,-0.6480579972267151,-3.612549193121595e-8,-3.192293167114258],[3,0.07069320754682981,0.07069329695379417,0.7035636680862324,0.7035645621558759],[1,0,11.475488297588845,90]],-16],4,1],[0,"98WyMXxFNbwbKF3b2t8Mh4",1,0],[1,2.7889386799984095e-8,3.2719976902008057,-0.6518009901046753],[3,0.547482898447271,0.5474823620054772,0.4475069565847044,-0.4475076122357858],[1,-90.00000003319958,-89.99993135085225,11.475501564063487]],[2,"Bip01 Head",3,[[5,"Bip01 HeadNub",-17,[0,"5fwBNm5n9Qd6OfNpRDZTyI",1,0],[1,2.2297143936157227,-6.103515488575795e-7,5.82076596124248e-13]],[4,"Bone001",-18,[0,"29KzI1tppbCqeMjkEsFEwv",1,0],[1,0.6654385328292847,0.2056237757205963,-0.000008850099220580887],[3,0.9851702192056009,0.17157983327694099,-2.5309659478409775e-7,-0.0000017267569318947394],[1,-179.99979815438616,-0.000005714650405499622,19.759373227028984]]],[0,"76k3MKTXZYhJABWAFA6bSH",1,0],[1,0.48891571164131165,-0.0011849976144731045,-3.286986682837778e-9],[3,5.792519221037386e-13,-0.0000011865963599747107,0.42781746232342865,0.9038651552802187],[1,0.00009176211168982859,-0.00019386891900968477,50.65826070886587]],[14,"baolong_3",1,[[21,1,-19,[3,"ecQPPi6sRdDJrQgvyULx+L"],[0,1],[8],1,2,3]],[0,"47xJFSQB9eTZ/SbkJP8YBQ",1,0],[3,-0.7071067811865476,0,0,0.7071067811865476],[1,-90.00000000000003,0,0]],[15,"Bip01 Pelvis",4,[2],[0,"6dJyGfXkReOI9wBYAsUvqs",1,0],[3,-0.49999964237200345,-0.5000003576277408,-0.49999964237200345,0.5000003576277408],[1,-89.99991803772996,-90,0]],[1,"Bip01 L Thigh",2,[-20],[0,"a9sHoGozRSlIkMIqW5UciS",1,0],[1,-0.9442591071128845,-0.38565489649772644,0.5548450946807861],[3,0.7871515228010387,0.6084178146652665,0.0997126260728182,0.016662387332237922],[1,-159.84443978116198,-29.689168880139672,73.97823488581058]],[1,"Bip01 L Calf",8,[-21],[0,"72c/scSGhXqrR7A/r8SS07",1,0],[1,1.4814941883087158,-3.0517577442878974e-7,7.629394360719743e-8],[3,2.6940700037985172e-17,-9.62904900056145e-18,-0.554902074581495,0.8319156733859225],[1,5.091498304137343e-15,2.0697713600853574e-15,-67.40794037480075]],[1,"Bip01 L HorseLink",9,[-22],[0,"54SKgdMMRZ5oriREuR5dnW",1,0],[1,1.3465789556503296,-2.288818308215923e-7,7.629394360719743e-8],[3,-1.4003732470175766e-8,1.5899981859972918e-8,0.3214686529996314,0.9469202211055597],[1,-0.000002653733808993816,0.000002825048914570221,37.50353213086926]],[1,"Bip01 L Foot",10,[-23],[0,"3ayPQUsHRSpqRX1aFO1/qT",1,0],[1,0.5775560736656189,7.105427198782324e-17,-7.629394360719743e-8],[3,0.031116183278691114,-0.013918593271591525,-0.05230229997445149,0.998049360160553],[1,3.4968638577900584,-1.4133453735384593,-6.042534865545963]],[2,"Bip01 L Toe0",11,[[7,"Bip01 L Toe0Nub",-24,[0,"8a4aKtrDxUyLrRkPXStV7y",1,0],[1,0.5526846051216125,8.881783998477905e-18,0],[3,-5.718903128837383e-9,1.1641533570472262e-10,1,-6.056657473271651e-17],[1,-0.9999999403953552,-0.9999999403953552,-1],[1,-179.9999999866598,179.99999934466197,-7.0167096197298866e-15]]],[0,"472pC3rsNSgr8mJb2FT3yH",1,0],[1,0.26910531520843506,0.48688969016075134,-0.00018875121895689517],[3,1.9182682437728593e-8,1.1768911380349531e-8,0.7071067811865474,0.7071067811865474],[1,0,0.000003108686757542536,90]],[1,"Bip01 R Thigh",2,[-25],[0,"e8b7L0B+Jcyr5Kp2xtP0ut",1,0],[1,-0.9442591071128845,-0.3856518566608429,-0.5548449754714966],[3,0.7871515100766144,0.6084180432486772,-0.09971097788264778,-0.01666450489040802],[1,159.84542144332238,29.68822402427849,73.97838263726324]],[1,"Bip01 R Calf",13,[-26],[0,"3dAZuesEtS7LfNr9i2ABaP",1,0],[1,1.4814941883087158,-1.5258788721439487e-7,1.4210854397564648e-16],[3,1.539555333028209e-17,-1.9282378233549545e-18,-0.554902074581495,0.8319156733859225],[1,3.501221236910409e-15,2.069771257669454e-15,-67.40794037480075]],[1,"Bip01 R HorseLink",14,[-27],[0,"c6+QaW/8Rek6ms2qhUK5X0",1,0],[1,1.34657883644104,-2.8421708795129297e-16,1.4210854397564648e-16],[3,2.1154042388448008e-8,-1.7406643496986424e-8,0.32146862627714284,0.9469202301775401],[1,0.000003701708726501305,-0.000003363153023271784,37.50352889704704]],[1,"Bip01 R Foot",15,[-28],[0,"57XqN8uOZcxZ8oxGuRsJvV",1,0],[1,0.5775561332702637,0,7.629394360719743e-8],[3,-0.03111620183261804,0.013918677058180692,-0.052302311028418334,0.9980493578343451],[1,-3.496865473837599,1.4133548614264433,-6.042536452990948]],[2,"Bip01 R Toe0",16,[[5,"Bip01 R Toe0Nub",-29,[0,"b82q/MNJFQtqa2c+5bfx/5",1,0],[1,0.5526846051216125,4.76837147544984e-9,-7.629394360719743e-8]]],[0,"e6W2iIC59Vi4aRTiGf8Vf8",1,0],[1,0.26910531520843506,0.48688969016075134,0.0001888275146484375],[3,-1.8935727976618206e-8,-1.1851228645874558e-8,0.7071067811865474,0.7071067811865474],[1,0,-0.000003068666074019152,90]],[1,"Bip01 Spine1",2,[3],[0,"19fR6T/XZSEJ95JJAnRWMc",1,0],[1,0.7512819170951843,-0.0009060669108293951,-2.513406816007091e-9],[3,1.7423024491984058e-13,1.4306982567134966e-7,-0.05158269758531989,0.9986687265103483],[1,8.502218398319929e-7,0.000016460364356023107,-5.913566159337584]],[1,"Bip01 L Clavicle",3,[-30],[0,"e98hG7quJW3qTqYEuKGqGq",1,0],[1,-0.4335342347621918,0.40553465485572815,0.20894446969032288],[3,0.5719081685642144,0.2273837745645757,0.7715482612215694,0.16103088647916364],[1,-168.83759664410564,-109.9641784590909,30.56872331361225]],[1,"Bip01 L UpperArm",19,[-31],[0,"c8Ycx1eDdXwJaxMQMJu5J1",1,0],[1,0.3754103183746338,0,0],[3,-0.45012324930209113,0.3297813228050775,-0.3702356507589629,0.7426701168579143],[1,-52.928896147700755,17.115280242032856,-57.86642605259915]],[1,"Bip01 L Forearm",20,[-32],[0,"9722qH0gdUyIWD+iCeauIe",1,0],[1,0.474752813577652,1.5258788721439487e-7,7.105427198782324e-17],[3,2.624222248921428e-19,-1.5513617040475646e-17,-0.4320220396332473,0.9018630479574649],[1,-1.1821950579883048e-15,-2.537484918782661e-15,-51.191904916693986]],[1,"Bip01 L Hand",21,[-33],[0,"b9XYzrOLBc8K9gky6Fhgjn",1,0],[1,0.3532685935497284,-3.0517577442878974e-7,-3.814697180359872e-8],[3,-0.01133484767502386,-0.010858428679977878,0.18060436870560428,0.9834305658048442],[1,-1.126259355403979,-1.0582576021219254,20.82224438588511]],[1,"Bip01 L Finger0",22,[-34],[0,"ecIG3kECtULbdCl0YwVXdd",1,0],[1,0.18541717529296875,-3.0517577442878974e-7,3.814697180359872e-8],[3,-0.00039119563877203174,0.00007417698978300999,0.1863133879444619,0.982490286433613],[1,-0.04903043107970437,0.017949368337063253,21.475425397401914]],[2,"Bip01 L Finger01",23,[[5,"Bip01 L Finger0Nub",-35,[0,"22aXs+Y15bUKO4RJW4/Jko",1,0],[1,0.12164169549942017,3.0517577442878974e-7,-7.105427198782324e-17]]],[0,"94IpmjJp9U6YaoqfLAz90u",1,0],[1,0.07678573578596115,5.684341759025859e-16,-7.629394360719743e-8],[3,-3.839023316713228e-9,1.6152821282761633e-9,0.0653328075196942,0.9978635298785073],[1,-4.5495659539625983e-7,2.152812309407291e-7,7.491924453805888]],[1,"Bip01 R Clavicle",3,[-36],[0,"adLPekoypa7Lkrl8BnrgVT",1,0],[1,-0.4335342347621918,0.40553587675094604,-0.20895424485206604],[3,-0.5719077177381096,-0.22738590087122068,0.771547640661395,0.16103245842501762],[1,168.83747080817807,109.96424336861081,30.569019627242564]],[1,"Bip01 R UpperArm",25,[-37],[0,"f0OknOXyRXd7X2LXxm4NlP",1,0],[1,0.3754103183746338,-2.8421708795129297e-16,3.0517577442878974e-7],[3,0.4501232780327434,-0.32978132201992194,-0.37023562007517,0.7426701150897378],[1,52.92890070776024,-17.115279182130383,-57.866422967244695]],[1,"Bip01 R Forearm",26,[-38],[0,"73CZ43uSNXiq0NF37HUb/S",1,0],[1,0.474752813577652,-1.5258788721439487e-7,-3.814697180359872e-8],[3,-2.624216011279304e-19,1.551361849509501e-17,-0.4320220638731734,0.9018630363457434],[1,1.1821954240849357e-15,2.5374853434256456e-15,-51.191907996641596]],[1,"Bip01 R Hand",27,[-39],[0,"49pLpLBd9bRYcpOFiuJEyH",1,0],[1,0.35326826572418213,-3.0517577442878974e-7,1.1444091541079615e-7],[3,0.011334852392276756,0.010858426875423925,0.18060433986949206,0.9834305710660723],[1,1.1262599848371901,1.0582573035522336,20.822241029456453]],[1,"Bip01 R Finger0",28,[-40],[0,"0eoqvqyDVV1o2Xr5c8YzPK",1,0],[1,0.1854170262813568,3.0517577442878974e-7,3.814697180359872e-8],[3,0.0003911872859742129,-0.00007417288614324191,0.1863133879451274,0.9824902864371223],[1,0.04902932637194053,-0.017948680224276134,21.475425397836915]],[2,"Bip01 R Finger01",29,[[7,"Bip01 R Finger0Nub",-41,[0,"25Kv8iB2pX/bz/dBJhi3a8",1,0],[1,0.12164153903722763,0,3.814697180359872e-8],[3,-4.5102803757952084e-17,-6.51925802230835e-9,1,7.4505797087454084e-9],[1,-1.0000001192092896,-1,-1],[1,179.99999925294807,-180,8.53773544473844e-7]]],[0,"3bck610pZcu48wNo1ppmTi",1,0],[1,0.07678573578596115,3.0517577442878974e-7,-3.814697180359872e-8],[3,3.7173315490899683e-9,2.4338370177997194e-10,0.0653328075196942,0.9978635298785073],[1,4.2688684852490445e-7,1.5244165540760461e-15,7.491924453805888]],[1,"Bip01 Tail",2,[-42],[0,"23awDsEAxRTbrRwiqki6aN",1,0],[1,-2.0973806381225586,-0.6294427514076233,-0.0000027472328838484827],[3,-1.0886416918242166e-13,-0.0000027426332976620793,0.9888350804572277,-0.14901403843137076],[1,179.99967478332078,179.99995099095474,-17.13958595196398]],[1,"Bip01 Tail1",31,[-43],[0,"79cnQSyx5UkIbRvasWY5uN",1,0],[1,0.976742684841156,-0.0013156128115952015,-3.6484562038197055e-9],[3,1.4095292655045266e-13,-1.37102307916832e-7,0.049431165006152473,0.9987775327499692],[1,7.804315339847418e-7,-0.000015768621473536894,5.666703570621127]],[1,"Bip01 Tail2",32,[-44],[0,"98iTtpRbddKJdtVlejTak+",1,0],[1,1.6598870754241943,-0.0012289428850635886,-3.409804882892331e-9],[3,-3.3976714577630507e-13,-3.349971722085743e-8,0.012078097249667692,0.9999270571230816],[1,4.633980495073713e-8,-0.000003839624593208548,1.3840816470384454]],[1,"Bip01 Tail3",33,[-45],[0,"da1Xg4CBdR+JrE2izSESHi",1,0],[1,1.5446112155914307,-0.0009399413829669356,-2.6059570057412884e-9],[3,1.0345147437516464e-13,-6.376306760935274e-8,0.022989289797107057,0.9997357113530658],[1,1.6816566329340413e-7,-0.000007312507947645014,2.634610662073487]],[2,"Bip01 Tail4",34,[[4,"Bip01 TailNub",-46,[0,"ebsEt2r+FQaoQdWemZgWnX",1,0],[1,1.1330914497375488,-3.0517577442878974e-7,0],[3,0.7073882676701629,0.7068251826022349,9.802252893115134e-7,-9.810060904973647e-7],[1,0,180.0001589155807,90]]],[0,"7cyvdu6hJQNrXjxE8aLrsH",1,0],[1,1.1812914609909058,-0.0009014892857521772,-2.5006010595518546e-9],[3,-3.4734197222923145e-13,5.40853616947693e-8,-0.019500039419791323,0.9998098561539709],[1,1.2090805575470853e-7,0.000006201262760902599,-2.2346815569630225]],[16,"outline",false,1,[[22,0,-47,[3,"2472Gx/x1NDohVUoa7YuzR"],[4,5],[8],1,6,7]],[0,"a4EOfaBXpDxKmj6IrhvgXS",1,0],[3,-0.7071067811865476,0,0,0.7071067811865476],[1,-90.00000000000003,0,0]]],0,[0,6,1,0,1,1,0,1,1,0,1,1,0,-1,6,0,-2,4,0,-3,36,0,-1,8,0,-2,13,0,-3,18,0,-4,31,0,-1,5,0,-2,19,0,-3,25,0,0,4,0,-2,7,0,0,5,0,0,5,0,1,6,0,-1,9,0,-1,10,0,-1,11,0,-1,12,0,0,12,0,-1,14,0,-1,15,0,-1,16,0,-1,17,0,0,17,0,-1,20,0,-1,21,0,-1,22,0,-1,23,0,-1,24,0,0,24,0,-1,26,0,-1,27,0,-1,28,0,-1,29,0,-1,30,0,0,30,0,-1,32,0,-1,33,0,-1,34,0,-1,35,0,0,35,0,1,36,0,7,1,2,0,7,3,0,18,47],[0,0,0,0,0,0,0,0,0,0,0,0,0],[-1,-2,2,3,-1,-2,2,3,-1,-2,-3,-4,-5],[0,0,1,2,3,3,1,2,6,7,8,9,10]]]]
