[1,["7fI7eIa2ZLQr8FFyuLk3uE@b22d1","7fI7eIa2ZLQr8FFyuLk3uE@00b98","7fI7eIa2ZLQr8FFyuLk3uE@438fe","1eA8oB4ztLT5NC3g1bKoxG","915t/kHJdF/J1Y0htANBPo@8a22c","28pU4ZK1FAfbFsincreN/F@05e57","77IpnjdP5Fcq/RNtyHXf/H@79bd1","99ACUXySZHr6tS/HcX2Oqn@ebb6c","7fI7eIa2ZLQr8FFyuLk3uE@d4958","1brw/JvvpFnIvdrxpFCgMZ"],["_parent","node","_mesh","_skeleton","root","data","mainTexture","_effectAsset"],[["cc.Node",["_name","_prefab","_lrot","_euler","_lpos","_parent","_children","_components","_lscale"],2,4,5,5,5,1,2,9,5],["cc.Prefab",["_name"],2],["cc.Node",["_name","_parent","_children","_prefab","_lpos","_lrot","_euler"],2,1,12,4,5,5,5],["cc.Node",["_name","_parent","_children","_prefab","_lpos","_lrot","_euler"],2,1,9,4,5,5,5],["cc.SkeletalAnimation",["node","__prefab","_clips"],3,1,4,3],["cc.CompPrefabInfo",["fileId"],2],["14101B0SwVDw5jlZfSNI/EI",["node","__prefab"],3,1,4],["cc.BoxCollider",["_isTrigger","node","__prefab","_center","_size"],2,1,4,5,5],["cc.PrefabInfo",["fileId","root","asset"],2,1,1],["cc.SkinnedMeshRenderer",["_shadowCastingMode","node","__prefab","_materials","lightmapSettings","_skinningRoot","_mesh","_skeleton"],2,1,4,3,4,1,6,6],["cc.ModelLightmapSettings",[],3],["cc.Mesh",["_native","_hash","_struct"],1,11],["cc.Skeleton",["_name","_hash","_joints","_bindposes"],0,12],["cc.Material",["_name","_states","_defines","_props"],0,12]],[[8,0,1,2,2],[0,0,5,6,1,4,2,3,2],[3,0,1,2,3,4,5,6,2],[0,0,5,1,4,2,3,2],[0,0,5,1,4,2],[5,0,2],[0,0,5,1,4,2,8,3,2],[0,0,5,7,1,2,3,2],[2,0,1,2,3,4,5,6,2],[9,0,1,2,3,4,5,6,7,2],[10,1],[1,0,2],[0,0,6,7,1,4,2],[0,0,6,1,4,2,3,2],[0,0,6,1,2,3,2],[0,0,5,6,1,2,3,2],[4,0,1,2,1],[6,0,1,1],[7,0,1,2,3,4,2],[11,0,1,2,3],[12,0,1,2,3,4],[13,0,1,2,3,4]],[[[[11,"ELF_SM_mounted_mage_A"],[12,"ELF_SM_mounted_mage_A",[-5,-6,-7],[[16,-2,[5,"c9uP1VCttdIILq54A+jv5A"],[8,9,10,11,12]],[17,-3,[5,"40NJBBPtBEsbGSzrUA/4C5"]],[18,true,-4,[5,"746+xKZi5DNrejq0BM1qqf"],[1,0,1,0],[1,2,2,2]]],[0,"2bQ//sBmJUirR48/y1I1PF",-1,0],[1,6.429,0,1.325]],[13,"Bip001 Spine",[-8,-9,-10,-11,-12],[0,"6eU+d7Gf1UKqJCglJlW+gg",1,0],[1,0.2748667597770691,0.012934772297739983,1.7104842697790446e-7],[3,-0.000002110110962300735,-7.248020900788075e-7,0.0463623226021174,0.9989246893725069],[1,-0.0002387164406464447,-0.00007206624645622915,5.31463592530278]],[1,"Bip001 Neck",2,[-13,-14,-15],[0,"54lFEWpcJfWaX8A8nr8hkU",1,0],[1,0.6677547097206116,-0.13705287873744965,-4.469266059459187e-7],[3,1.4032087115282207e-14,0.0000010714981348315755,-0.3863203337001731,0.922364678296301],[1,0.00006761698182407839,0.00016143989492421133,-45.45146536136845]],[14,"Bip001 Pelvis001",[-16,-17,-18],[0,"44yR1pWlBVt40ZSEBrnN7p",1,0],[3,-0.5416744819932118,-0.45451923134962086,-0.4545197081867678,0.5416759721092961],[1,-89.99993234202653,-79.99999832793381,-0.00010720930062789802]],[1,"Bip001 Spine001",4,[-19,-20,-21],[0,"73M1eOauhQO4AWUESGYOKN",1,0],[1,0.1109730675816536,-0.019845664501190186,0.00006793504144297913],[3,-0.1186034091028125,0.01938173932436676,0.01621001783054135,0.9926201765287097],[1,-13.660865215535585,2.426551124396115,1.5806071954945937]],[8,"Bip001",1,[[[3,"Bip001 Footsteps",-22,[0,"be3D2752tbpL1UTVQ81/7p",1,0],[1,9.02389263509778e-17,-8.60585464010027e-23,-0.6759341955184937],[3,-6.921397640638599e-34,6.9214068241883725e-34,0.7071063043492204,0.7071072580235531],[1,0,-1.12165974437555e-31,90]],-23],4,1],[0,"b77dSGM+ZSk62ufu+kovA5",1,0],[1,0,1.104299783706665,-0.42312562465667725],[3,-0.5000003576277408,-0.49999964237200345,-0.49999964237200345,0.5000003576277408],[1,-90,-89.99991803772996,0]],[8,"Bip002",2,[[[3,"Bip001 Footsteps001",-24,[0,"6bKXT4ki5UzaTEfBzwdQ6A",1,0],[1,-0.07799975574016571,8.182557564850867e-8,-0.5615856051445007],[3,0.04875488637248131,0.04875485284486822,0.7054234827000874,0.7054244363744152],[1,0,7.907336016644312,90]],4],4,1],[0,"cd2t+Nk9lbLLoxCSbUHWzj",1,0],[1,0.167403444647789,-0.28931859135627747,-0.0000012410156386977178],[3,0.7035796975261293,-0.07054711614503818,-0.07054730986012646,0.7035778497822103],[1,90.00015359661492,0.00003117613963700846,-11.451717154072046]],[15,"Bip001 Pelvis",6,[2],[0,"60+p6XH0dUTb7vjHlmJ23p",1,0],[3,-0.7070218995458601,-0.010922756161539145,-0.010923721943059232,0.7070229128248321],[1,-89.99991911423321,-1.7702570739820498,-0.0000795147920457798]],[2,"Bip001 Head",3,[[4,"Bip001 HeadNub",-25,[0,"17Mlenf0ldnJEF6koo98qA",1,0],[1,0.3399628698825836,3.609557054039112e-16,-6.884683712080216e-22]]],[0,"f5rfCgF0pRLqfSQJujSMqx",1,0],[1,0.505326509475708,0.06436845660209656,1.196224541644142e-8],[3,0.0000012139464523373293,-0.000003141162300122561,0.6486235211601982,0.7611094059242769],[1,0.002139989163100044,-0.0022966448418705165,80.87580296441337]],[1,"Bip001 L Clavicle",3,[-26],[0,"05KQgWdvZVb4iiMKVFdXnG",1,0],[1,-0.1258133500814438,0.06755547225475311,0.08885569870471954],[3,0.8491916228064814,0.4158243022979912,0.29471427783944537,0.13822891090961262],[1,-179.0389325450039,-38.747399236997886,51.971563330082816]],[1,"Bip001 L UpperArm",10,[-27],[0,"e5nvtGYWJel7qZKfgVCslp",1,0],[1,0.10147072374820709,0,0],[3,-0.6176756675747813,0.713889962870408,0.060704786874346606,0.32427275471349126],[1,-64.77166185193202,92.83571893615063,-57.40879633353178]],[1,"Bip001 L Forearm",11,[-28],[0,"f6oSKMoR9fHZipFRx/2FXv",1,0],[1,0.2955707311630249,2.4223327343975143e-8,-1.2111663671987571e-8],[3,2.4673996414038184e-20,2.6992519054379687e-19,-0.09103096303380055,0.9958480625924513],[1,5.72628795447823e-18,3.158355083814134e-17,-10.445840804976738]],[1,"Bip001 L Hand",12,[-29],[0,"4dIttwiIFRxJAo6MGz3CRi",1,0],[1,0.3022104799747467,4.8446654687950286e-8,-1.2111663671987571e-8],[3,-0.08942824764720261,-0.011350779069207173,-0.054078367590648706,0.9944592895116438],[1,-10.375512636419032,-1.8583771720619733,-6.057547955549911]],[2,"Bip001 L Finger0",13,[[4,"Bip001 L Finger0Nub",-30,[0,"42kHcsYRlU8rEnSQerHUDD",1,0],[1,0.12417783588171005,4.8446654687950286e-8,-6.055831835993786e-9]]],[0,"b9PMTyRKJVl4t4Cu6CuhhP",1,0],[1,0.34565579891204834,-4.8446654687950286e-8,6.055831835993786e-9],[3,0.0012802452872976186,0.01079809693133935,-0.15233295053117743,0.9882694138022948],[1,0.3497036859965897,1.3059003225574113,-17.52154124296225]],[1,"Bip001 R Clavicle",3,[-31],[0,"b90EdT60pSZ7e7fmOKu5ku",1,0],[1,-0.12581324577331543,0.06755605340003967,-0.08885520696640015],[3,0.8491912354709426,0.4158251222160254,-0.29471313504108176,-0.13823126045731743],[1,179.03933295040395,38.747084678724185,51.971762300781364]],[1,"Bip001 R UpperArm",15,[-32],[0,"2dMQv9hPhXZbBaZoQMsHTz",1,0],[1,0.10147072374820709,-9.689330937590057e-8,0],[3,-0.617675660488049,0.7138899546797873,-0.0607048159801892,-0.3242727807953591],[1,64.77166393862485,-92.83571684945778,-57.40879183620816]],[1,"Bip001 R Forearm",16,[-33],[0,"82FE+mEbNeyolwHg/nfVuA",1,0],[1,0.29557082056999207,2.4223327343975143e-8,1.2111663671987571e-8],[3,0,0,-0.09103098520032159,0.9958480605661985],[1,0,0,-10.445843355663234]],[1,"Bip001 R Hand",17,[-34],[0,"2fuI7lButXcbsuWrS06jYi",1,0],[1,0.30221042037010193,0,2.4223327343975143e-8],[3,0.08942822554817113,0.011350777238637581,-0.054078352842304535,0.9944592923218363],[1,10.375510028511737,1.8583766704048754,-6.0575463307237865]],[2,"Bip001 R Finger0",18,[[6,"Bip001 R Finger0Nub",-35,[0,"d24ysVBG5Z7KGRtHOpdnbL",1,0],[1,0.12417783588171005,0,6.055831835993786e-9],[3,1.862645149230957e-9,-4.656612873077393e-10,1,-6.036498089126999e-17],[1,-1,-1,-1],[1,179.99999994663915,-179.9999997865566,-7.0167096047110005e-15]]],[0,"42DjeGvbxYD7zHAPvT8MWX",1,0],[1,0.3456558287143707,0,6.055831835993786e-9],[3,-0.0012802548303295063,-0.010798104356408413,-0.1523329650724354,0.9882694114673982],[1,-0.34970497697145475,-1.3059013905317736,-17.521542913575292]],[1,"Bip001 L Thigh",2,[-36],[0,"d3abmqvPlQ14lacCKUpzsz",1,0],[1,-0.2748831510543823,0.01257994957268238,0.1575549840927124],[3,0.685973757591161,0.7248445687206714,-0.0020571891042244937,0.06353048925828163],[1,56.8517617260094,118.15831990250078,83.81931569544132]],[1,"Bip001 L Calf",20,[-37],[0,"ef1yQlDrRb+IIITGg1m7I2",1,0],[1,0.45079419016838074,9.02389263509778e-17,0],[3,-6.371233696933451e-18,2.748751752297467e-18,-0.3961368459538658,0.9181914829041506],[1,-7.951387201063471e-16,4.3487080429583956e-24,-46.67379022295108]],[1,"Bip001 L Foot",21,[-38],[0,"497TORnFdY5o9gSy/uScED",1,0],[1,0.18646039068698883,-9.689330937590057e-8,2.255973158774445e-17],[3,-0.06649703554844164,-0.0024988444140487706,-0.2618777760738953,0.9628042015064406],[1,-8.61319839741331,-2.630430637464782,-30.261126195511903]],[2,"Bip001 L Toe0",22,[[6,"Bip001 L Toe0Nub",-39,[0,"97uCWbLoBSz7zcDgMmtJ0h",1,0],[1,0.2002340853214264,0,-2.4223327343975143e-8],[3,-7.632782632553461e-17,-6.51925802230835e-9,1,1.4901159417490817e-8],[1,-1.0000001192092896,-1,-1],[1,179.99999925294807,-180,0.0000017075470889476883]]],[0,"bdb/yq/qRWDaQK6qQeXGLR",1,0],[1,0.10684750229120255,0.3473837971687317,-0.004764970857650042],[3,1.6898290822922968e-8,1.3680640665887346e-8,0.7530927683148229,0.6579143426859732],[1,179.9999993047271,-179.9999968213325,82.28200404615848]],[1,"Bip001 R Thigh",2,[-40],[0,"531L4HEGxS/bNcLtCONw5m",1,0],[1,-0.2748831510543823,0.01258082129061222,-0.1575545370578766],[3,0.6859735796412063,0.7248445696336071,0.00205913859778058,-0.0635323370822723],[1,-56.85310478537698,-118.15698446006964,83.81904321169236]],[1,"Bip001 R Calf",24,[-41],[0,"cc2M+U0w1TXrF2/gsJIE/C",1,0],[1,0.45079419016838074,9.02389263509778e-17,0],[3,-2.09887218235787e-17,-1.3616196759024813e-17,-0.3961368459538658,0.9181914829041506],[1,-4.119300550309332e-15,-3.476516610743217e-15,-46.67379022295108]],[1,"Bip001 R Foot",25,[-42],[0,"36Ty+4VUZaXbhQkpR9cjIr",1,0],[1,0.18646033108234406,-4.8446654687950286e-8,-1.2111663671987571e-8],[3,0.0664969682649021,0.0024988795628963062,-0.2618778049770738,0.9628041982007018],[1,8.613191210938018,2.630433134144711,-30.261129484816454]],[2,"Bip001 R Toe0",26,[[4,"Bip001 R Toe0Nub",-43,[0,"a4eeu+MvBZQLYirrfsGeZ5",1,0],[1,0.200234055519104,-9.02389263509778e-17,2.4223327343975143e-8]]],[0,"c6NXMGtMZaRboodXb4TYjF",1,0],[1,0.10684745013713837,0.3473837971687317,0.004764934536069632],[3,-2.7798357486277625e-8,-2.3326450182476044e-8,0.7530927683148225,0.6579143426859728],[1,-179.99999938397787,179.99999523199918,82.28200404615843]],[1,"Bip001 Tail",2,[-44],[0,"9aFSoeW91bkIYqn/SUt4yf",1,0],[1,-0.5825061798095703,0.030922822654247284,4.1257277416661964e-7],[3,-9.322550910615015e-14,-0.000002162963233757505,0.7798396270150777,0.6259793575928091],[1,179.99910638354413,-179.9992826916908,77.50821170269207]],[2,"Bip001 Tail1",28,[[3,"Bip001 TailNub",-45,[0,"4dy69woCJV16bZQxR0EgTw",1,0],[1,0.384625107049942,9.689330937590057e-8,-1.8480932116680254e-13],[3,0.7073882378915716,0.706825212404548,9.802253306413663e-7,-9.810061318601392e-7],[1,0,180.0001589155941,90]]],[0,"d9K38AJ8RTs6fw0vlKMECv",1,0],[1,0.27298659086227417,-0.0002980438293889165,-8.264672834989994e-10],[3,2.3848088847590244e-13,3.222720802105173e-7,-0.11619271116613848,0.993226688058551],[1,0.0000044100627476128165,0.00003769741359062,-13.344847151326473]],[1,"Bip001 Neck001",5,[-46],[0,"12BUp7HoRdHq+0U+wUtOdU",1,0],[1,0.391175240278244,-0.0062012868002057076,4.117965772820753e-7],[3,-0.005443871415094637,0.0033484904119324543,0.40380340281730925,0.9148234604278244],[1,-1.0767524939315283,0.8946594541986707,47.627695333310946]],[2,"Bip001 Head001",30,[[4,"Bip001 HeadNub001",-47,[0,"bbRuVBNndWZbt/I67OOrpF",1,0],[1,0.2475137710571289,-4.51194631754889e-17,1.5139579589984464e-9]]],[0,"c27nEgGc1af52WhOv+zcHI",1,0],[1,0.07070925086736679,0.0149222481995821,2.1195411648022855e-8],[3,0.11650000682439188,-0.08569085722916145,-0.3169941650350335,0.9373363989150267],[1,12.000226614740182,-6.313736412555964,-37.89572402490004]],[1,"Bip001 L Clavicle001",5,[-48],[0,"e9kf4p3EVTmaZbauHyPbJ9",1,0],[1,0.3283374309539795,0.000026675939807319082,0.06485968083143234],[3,0.5096626137222626,-0.16542121298943227,0.8383644581540051,-0.1001243115883348],[1,169.27101549330612,-119.27173371807964,-19.663738096138704]],[1,"Bip001 L UpperArm001",32,[-49],[0,"58fnN0+oBTFbOS4cv3IY7n",1,0],[1,0.16319318115711212,6.055831835993786e-9,1.9378661875180114e-7],[3,0.21454106538867382,0.1838697963045529,0.11070229996240738,0.9528426050780099],[1,22.622103372424778,18.450452007420594,16.849513535871836]],[2,"Bip001 L Forearm001",33,[[3,"Bip001 L Hand001",-50,[0,"9bCmWFus5XQZjb63Qq2OdD",1,0],[1,0.2280643731355667,-9.689330937590057e-8,9.689330937590057e-8],[3,-0.7458132449679382,-0.20911556326034972,-0.09921857640503162,0.6246510697412275],[1,-97.73329325463966,-24.624700622928582,10.83424216789987]]],[0,"0bsl8nHypfRJc7U4Ts6tiq",1,0],[1,0.29778778553009033,1.804778527019556e-16,-9.689330937590057e-8],[3,-7.451290586815464e-17,9.588134347043633e-17,-0.7895975095254969,0.6136251078232806],[1,180,-180,-75.70417193836755]],[1,"Bip001 R Clavicle001",5,[-51],[0,"bduz8wphlbaLhYeJM2z79j",1,0],[1,0.32833799719810486,0.000027009009500034153,-0.06485967338085175],[3,-0.5526780524839792,0.06700301962364402,0.8295220194777222,-0.04416769028861348],[1,-176.38637726189734,112.91982637396727,-8.472710828573042]],[1,"Bip001 R UpperArm001",35,[-52],[0,"b15dTf26dd7Jwj8UWHWdBx",1,0],[1,0.16319337487220764,-2.4223327343975143e-8,3.875732375036023e-7],[3,-0.11479209560174589,-0.2505938453702111,0.1271557978724092,0.9528152509890684],[1,-9.351994026067818,-28.03238387963768,17.448254801483856]],[2,"Bip001 R Forearm001",36,[[3,"Bip001 R Hand001",-53,[0,"f7+jB8kvxfYqo/xXegEABC",1,0],[1,0.22806432843208313,-9.02389263509778e-17,9.689330937590057e-8],[3,0.6904622222482557,0.2118521452948158,0.34452545174422644,0.5997356094833968],[1,105.63073461309132,-18.23334180981874,44.89422484328965]]],[0,"afsYiwOFpfv5oO+MRfHJTh",1,0],[1,0.29778772592544556,-4.8446654687950286e-8,0],[3,1.677433963966407e-17,4.2438578049978763e-17,-0.5047257020577889,0.863279772543219],[1,8.387144613334617e-15,1.0536920433138907e-14,-60.626291097398834]],[1,"Bip001 L Thigh001",4,[-54],[0,"ecTNmL2xpdOY/1MaBgxYQf",1,0],[1,-1.9378661875180114e-7,2.1800994431941945e-7,0.11169193685054779],[3,0.2737873739113883,0.9100648582847995,0.15537653559617817,-0.26959332296609784],[1,-28.22819051274193,-140.75025180104484,24.49108065468192]],[1,"Bip001 L Calf001",38,[-55],[0,"89XGbhf4lTi6qWBJbMC0aE",1,0],[1,0.3866459131240845,9.02389263509778e-17,4.8446654687950286e-8],[3,2.2613668842576776e-17,-1.609328528183703e-17,-0.5798217683922318,0.8147433441879136],[1,3.1805545455244836e-15,1.3593903274895453e-22,-70.8760155086287]],[1,"Bip001 L Foot001",39,[-56],[0,"a96LPVxDZQaoawy9acsH72",1,0],[1,0.2432461977005005,-9.689330937590057e-8,0],[3,0.06907349860893298,-0.006086862212095103,0.12597782975505709,0.9896066836418086],[1,8.205362783371234,-1.7423097107062735,14.388538320435073]],[2,"Bip001 L Toe001",40,[[6,"Bip001 L Toe0Nub001",-57,[0,"19LoNYl8FZAZvSMtdUPHJN",1,0],[1,0.010443572886288166,-9.02389263509778e-17,4.8446654687950286e-8],[3,-2.2204460492503126e-16,1.4901161193847653e-8,0.9999999999999998,-1.4901161193847653e-8],[1,-1,-0.9999999403953552,-1],[1,-179.99999829245272,180,-0.0000017075472925031875]]],[0,"caqZlrEJVeFJU4yywUZH95",1,0],[1,0.10453751683235168,0.2332749366760254,9.02389263509778e-17],[3,7.902534761926455e-9,1.3170891269877425e-8,0.7071067811865474,0.7071067811865474],[1,0,0.000001280660577328998,90]],[1,"Bip001 R Thigh001",4,[-58],[0,"22B7KSS3RV3Y2V8oQbZxTx",1,0],[1,1.9378661875180114e-7,-9.689330937590057e-8,-0.11169195920228958],[3,0.2737874346115742,0.9100640870659936,-0.15537711736318457,0.26959552941667997],[1,28.228317542287154,140.74996238555815,24.49099810310779]],[1,"Bip001 R Calf001",42,[-59],[0,"eeDF7TZ7ZUs7ESC0uwnz5n",1,0],[1,0.3866458833217621,4.8446654687950286e-8,9.02389263509778e-17],[3,0,0,-0.5798220111288257,0.8147431714414819],[1,0,0,-70.8760496489109]],[1,"Bip001 R Foot001",43,[-60],[0,"06PvrdZSpS16NHD7/6jJWN",1,0],[1,0.24324624240398407,2.4223327343975143e-8,0],[3,-0.06907355939746083,0.006086892584404922,0.12597812993747828,0.9896066409984763],[1,-8.205371563068315,1.7423168648836156,14.388572536138861]],[2,"Bip001 R Toe001",44,[[4,"Bip001 R Toe0Nub001",-61,[0,"d4KDsc+lxSvrGTpeYvtFnA",1,0],[1,0.010443597100675106,-4.8446654687950286e-8,-4.8446654687950286e-8]]],[0,"46M7Dk3+hbUr/JW9BD1By3",1,0],[1,0.10453751683235168,0.2332749366760254,1.804778527019556e-16],[3,-1.2644052776911094e-7,1.264405419799659e-7,0.7071067215818879,0.7071068407911795],[1,0,-0.000020490562904103174,90]],[7,"ELF_Mounted_Mage_A",1,[[9,1,-62,[5,"79hSpXPvpa4pqRPlstO4Ve"],[0,1],[10],1,2,3]],[0,"396FCYwYBYBqvoslkXPO8M",1,0],[3,-0.7071067811865476,0,0,0.7071067811865476],[1,-90.00000000000003,0,0]],[7,"outline",1,[[9,1,-63,[5,"a6OHet3q9IqKHC5BneBCKl"],[4,5],[10],1,6,7]],[0,"cd+tcQ0XZNcIxIY1mTbqZc",1,0],[3,-0.7071067811865476,0,0,0.7071067811865476],[1,-90.00000000000003,0,0]]],0,[0,4,1,0,1,1,0,1,1,0,1,1,0,-1,6,0,-2,46,0,-3,47,0,-1,3,0,-2,20,0,-3,24,0,-4,28,0,-5,7,0,-1,9,0,-2,10,0,-3,15,0,-1,5,0,-2,38,0,-3,42,0,-1,30,0,-2,32,0,-3,35,0,0,6,0,-2,8,0,0,7,0,0,9,0,-1,11,0,-1,12,0,-1,13,0,-1,14,0,0,14,0,-1,16,0,-1,17,0,-1,18,0,-1,19,0,0,19,0,-1,21,0,-1,22,0,-1,23,0,0,23,0,-1,25,0,-1,26,0,-1,27,0,0,27,0,-1,29,0,0,29,0,-1,31,0,0,31,0,-1,33,0,-1,34,0,0,34,0,-1,36,0,-1,37,0,0,37,0,-1,39,0,-1,40,0,-1,41,0,0,41,0,-1,43,0,-1,44,0,-1,45,0,0,45,0,1,46,0,1,47,0,5,1,2,0,8,4,0,7,63],[0,0,0,0,0,0,0,0,0,0,0,0,0],[-1,-2,2,3,-1,-2,2,3,-1,-2,-3,-4,-5],[0,0,1,2,3,3,1,2,4,5,6,7,4]],[[[19,".bin",20167490,[{"primitives":[{"primitiveMode":7,"jointMapIndex":0,"vertexBundelIndices":[0],"indexView":{"offset":24160,"length":2358,"count":1179,"stride":2}},{"primitiveMode":7,"jointMapIndex":1,"vertexBundelIndices":[1],"indexView":{"offset":64918,"length":3228,"count":1614,"stride":2}}],"vertexBundles":[{"view":{"offset":0,"length":24160,"count":302,"stride":80},"attributes":[{"name":"a_position","format":32,"isNormalized":false},{"name":"a_normal","format":32,"isNormalized":false},{"name":"a_texCoord","format":21,"isNormalized":false},{"name":"a_tangent","format":44,"isNormalized":false},{"name":"a_joints","format":42,"isNormalized":false},{"name":"a_weights","format":44,"isNormalized":false},{"name":"a_texCoord1","format":21,"isNormalized":false}]},{"view":{"offset":26518,"length":38400,"count":480,"stride":80},"attributes":[{"name":"a_position","format":32,"isNormalized":false},{"name":"a_normal","format":32,"isNormalized":false},{"name":"a_texCoord","format":21,"isNormalized":false},{"name":"a_tangent","format":44,"isNormalized":false},{"name":"a_joints","format":42,"isNormalized":false},{"name":"a_weights","format":44,"isNormalized":false},{"name":"a_texCoord1","format":21,"isNormalized":false}]}],"jointMaps":[[0,1,2,3,4,5,6,7,8,9,10,11,12,13,14,15,16,17,18,19,20,21,24,25,26,27,28,29],[0,1,2,14,22,23,24,25,26,27,28,29,30,31,32,33,34,35,36,37,38]]},"minPosition",8,[1,-0.8025478720664978,-1.2812244892120361,0.0029620975255966187],"maxPosition",8,[1,0.8407409191131592,0.8931472301483154,2.3717944622039795]]],-1],0,0,[],[],[]],[[[20,"Skin-0",233369795,["Bip001/Bip001 Pelvis/Bip001 Spine","Bip001/Bip001 Pelvis/Bip001 Spine/Bip001 R Thigh","Bip001/Bip001 Pelvis","Bip001/Bip001 Pelvis/Bip001 Spine/Bip001 Neck/Bip001 R Clavicle/Bip001 R UpperArm","Bip001/Bip001 Pelvis/Bip001 Spine/Bip001 Neck/Bip001 R Clavicle/Bip001 R UpperArm/Bip001 R Forearm","Bip001/Bip001 Pelvis/Bip001 Spine/Bip001 Neck","Bip001/Bip001 Pelvis/Bip001 Spine/Bip001 Neck/Bip001 Head","Bip001/Bip001 Pelvis/Bip001 Spine/Bip001 Neck/Bip001 R Clavicle/Bip001 R UpperArm/Bip001 R Forearm/Bip001 R Hand","Bip001/Bip001 Pelvis/Bip001 Spine/Bip001 Neck/Bip001 R Clavicle/Bip001 R UpperArm/Bip001 R Forearm/Bip001 R Hand/Bip001 R Finger0","Bip001/Bip001 Pelvis/Bip001 Spine/Bip001 R Thigh/Bip001 R Calf","Bip001/Bip001 Pelvis/Bip001 Spine/Bip001 R Thigh/Bip001 R Calf/Bip001 R Foot","Bip001/Bip001 Pelvis/Bip001 Spine/Bip001 R Thigh/Bip001 R Calf/Bip001 R Foot/Bip001 R Toe0","Bip001/Bip001 Pelvis/Bip001 Spine/Bip001 Tail","Bip001/Bip001 Pelvis/Bip001 Spine/Bip001 Tail/Bip001 Tail1","Bip001/Bip001 Pelvis/Bip001 Spine/Bip001 L Thigh","Bip001/Bip001 Pelvis/Bip001 Spine/Bip001 Neck/Bip001 L Clavicle/Bip001 L UpperArm","Bip001/Bip001 Pelvis/Bip001 Spine/Bip001 Neck/Bip001 L Clavicle/Bip001 L UpperArm/Bip001 L Forearm","Bip001/Bip001 Pelvis/Bip001 Spine/Bip001 Neck/Bip001 L Clavicle/Bip001 L UpperArm/Bip001 L Forearm/Bip001 L Hand/Bip001 L Finger0","Bip001/Bip001 Pelvis/Bip001 Spine/Bip001 Neck/Bip001 L Clavicle/Bip001 L UpperArm/Bip001 L Forearm/Bip001 L Hand","Bip001/Bip001 Pelvis/Bip001 Spine/Bip001 L Thigh/Bip001 L Calf/Bip001 L Foot/Bip001 L Toe0","Bip001/Bip001 Pelvis/Bip001 Spine/Bip001 L Thigh/Bip001 L Calf","Bip001/Bip001 Pelvis/Bip001 Spine/Bip001 L Thigh/Bip001 L Calf/Bip001 L Foot","Bip001/Bip001 Pelvis/Bip001 Spine/Bip002/Bip001 Pelvis001/Bip001 L Thigh001/Bip001 L Calf001","Bip001/Bip001 Pelvis/Bip001 Spine/Bip002/Bip001 Pelvis001/Bip001 L Thigh001","Bip001/Bip001 Pelvis/Bip001 Spine/Bip002/Bip001 Pelvis001/Bip001 R Thigh001/Bip001 R Calf001","Bip001/Bip001 Pelvis/Bip001 Spine/Bip002/Bip001 Pelvis001/Bip001 R Thigh001","Bip001/Bip001 Pelvis/Bip001 Spine/Bip002/Bip001 Pelvis001","Bip001/Bip001 Pelvis/Bip001 Spine/Bip002/Bip001 Pelvis001/Bip001 Spine001/Bip001 R Clavicle001","Bip001/Bip001 Pelvis/Bip001 Spine/Bip002/Bip001 Pelvis001/Bip001 Spine001/Bip001 R Clavicle001/Bip001 R UpperArm001","Bip001/Bip001 Pelvis/Bip001 Spine/Bip002/Bip001 Pelvis001/Bip001 Spine001","Bip001/Bip001 Pelvis/Bip001 Spine/Bip002/Bip001 Pelvis001/Bip001 Spine001/Bip001 Neck001/Bip001 Head001","Bip001/Bip001 Pelvis/Bip001 Spine/Bip002/Bip001 Pelvis001/Bip001 Spine001/Bip001 R Clavicle001/Bip001 R UpperArm001/Bip001 R Forearm001","Bip001/Bip001 Pelvis/Bip001 Spine/Bip002/Bip001 Pelvis001/Bip001 R Thigh001/Bip001 R Calf001/Bip001 R Foot001","Bip001/Bip001 Pelvis/Bip001 Spine/Bip002/Bip001 Pelvis001/Bip001 Spine001/Bip001 L Clavicle001","Bip001/Bip001 Pelvis/Bip001 Spine/Bip002/Bip001 Pelvis001/Bip001 Spine001/Bip001 L Clavicle001/Bip001 L UpperArm001","Bip001/Bip001 Pelvis/Bip001 Spine/Bip002/Bip001 Pelvis001/Bip001 Spine001/Bip001 L Clavicle001/Bip001 L UpperArm001/Bip001 L Forearm001","Bip001/Bip001 Pelvis/Bip001 Spine/Bip002/Bip001 Pelvis001/Bip001 L Thigh001/Bip001 L Calf001/Bip001 L Foot001","Bip001/Bip001 Pelvis/Bip001 Spine/Bip002/Bip001 Pelvis001/Bip001 Spine001/Bip001 R Clavicle001/Bip001 R UpperArm001/Bip001 R Forearm001/Bip001 R Hand001","Bip001/Bip001 Pelvis/Bip001 Spine/Bip002/Bip001 Pelvis001/Bip001 Spine001/Bip001 L Clavicle001/Bip001 L UpperArm001/Bip001 L Forearm001/Bip001 L Hand001"],[[[7,0.0000013682846429219353,-0.000002858351763279643,1,0,-0.9980872869491577,0.06182163208723068,0.0000015423754575749626,0,-0.06182163581252098,-0.9980872273445129,-0.0000027682949621521402,0,0.21570275723934174,1.0886095762252808,0.000002631500819916255,1],[7,0.09492424875497818,-0.08417672663927078,-0.9919192790985107,0,0.11217294633388519,-0.9891679883003235,0.09467794001102448,0,-0.9891443252563477,-0.12025374174118042,-0.08445369452238083,0,1.0598044395446777,0.5380758047103882,-0.10308004170656204,1],[7,-1.654757753044578e-8,0.0000014291501884144964,1,0,-0.999522864818573,-0.03089189901947975,2.760948270008612e-8,0,0.0308919008821249,-0.9995228052139282,0.000001428979203410563,0,0.38880980014801025,1.1168440580368042,-0.00000158970385655266,1],[7,-0.009390364401042461,-0.0023374769371002913,0.9999532103538513,0,0.3188048005104065,0.9478060007095337,0.0052094124257564545,0,-0.947773814201355,0.31883877515792847,-0.00815504603087902,0,1.1600468158721924,0.2084433138370514,0.13936613500118256,1],[7,-0.008810938335955143,-0.004001277964562178,0.9999532103538513,0,0.14167818427085876,0.9898990392684937,0.0052094231359660625,0,-0.9898735880851746,0.14171743392944336,-0.008155045099556446,0,0.8123567700386047,0.3617234528064728,0.13936613500118256,1],[7,0.0000010202685416516033,-0.0000018579380594019312,1,0,-0.7442288994789124,-0.6679246425628662,-4.816492946702056e-7,0,0.6679246425628662,-0.7442288994789124,-0.000002064193722617347,0,-1.1905966997146606,0.5376607179641724,0.0000011701856692525325,1],[7,0.000004683683528128313,-0.0000035289526749693323,1,0,-0.7774893641471863,0.6288959383964539,0.000005860859801032348,0,-0.6288959383964539,-0.7774893641471863,2.0182666560231155e-7,0,0.19837261736392975,1.7495168447494507,0.000003793427140408312,1],[7,-0.040581416338682175,0.17174941301345825,0.9843044281005859,0,0.036183640360832214,0.9847223162651062,-0.17033056914806366,0,-0.9985209107398987,0.028703458607196808,-0.04617594927549362,0,0.46436503529548645,0.434345006942749,0.07890185713768005,1],[7,-0.06900455802679062,0.1523059904575348,0.9859215021133423,0,-0.26567068696022034,0.9497836232185364,-0.16531766951084137,0,-0.9615910053253174,-0.27333810925483704,-0.02507617138326168,0,-0.01587889902293682,0.44999098777770996,0.07892364263534546,1],[7,0.1263674944639206,0.011295552365481853,-0.9919192790985107,0,0.7965467572212219,-0.5971176028251648,0.09467792510986328,0,-0.5912229418754578,-0.8020741939544678,-0.08445369452238083,0,0.026445098221302032,0.8122314214706421,-0.10308002680540085,1],[7,0.14266078174114227,-0.05230196565389633,-0.9883888959884644,0,0.9844420552253723,-0.09599435329437256,0.1471707671880722,0,-0.10257706791162491,-0.9940069317817688,0.03779362142086029,0,-0.5432968735694885,0.5998338460922241,-0.20243102312088013,1],[7,-0.07098712027072906,-0.13434435427188873,-0.9883888959884644,0,-0.2273327112197876,-0.9626322984695435,0.14717070758342743,0,-0.9712264537811279,0.2351403385400772,0.03779362142086029,0,0.33747580647468567,0.6103513836860657,-0.2071959376335144,1],[7,-3.787048683534522e-7,-0.0000040911622818384785,1,0,0.27624404430389404,0.9610875844955444,0.000004036580321553629,0,-0.9610875248908997,0.27624404430389404,7.661906806788465e-7,0,0.8599959015846252,-1.0080902576446533,-0.00000351071207660425,1],[7,-6.437097965772409e-8,-0.0000041429952943872195,1,0,0.04695507884025574,0.9988970756530762,0.000004141448243899504,0,-0.9988970160484314,0.04695507884025574,1.3023469591644243e-7,0,0.803769052028656,-0.8450919389724731,-0.000003058619540752261,1],[7,-0.09492472559213638,0.0841793566942215,-0.9919189810752869,0,0.1121726930141449,-0.9891677498817444,-0.09468059986829758,0,-0.9891442656517029,-0.12025375664234161,0.08445386588573456,0,1.0598045587539673,0.5380757451057434,0.10308096557855606,1],[7,0.009389490820467472,0.002334882039576769,0.9999532103538513,0,0.3188048005104065,0.9478060603141785,-0.005206674337387085,0,-0.947773814201355,0.31883877515792847,0.00815504603087902,0,1.1600468158721924,0.2084432989358902,-0.13936689496040344,1],[7,0.008810549043118954,0.003998555243015289,0.9999532103538513,0,0.14167821407318115,0.9898990392684937,-0.005206672940403223,0,-0.9898735880851746,0.14171744883060455,0.00815504603087902,0,0.8123567700386047,0.3617234230041504,-0.13936689496040344,1],[7,0.06900530308485031,-0.1523086577653885,0.9859210252761841,0,-0.2656704783439636,0.9497832655906677,0.16532042622566223,0,-0.9615910053253174,-0.27333810925483704,0.02507616952061653,0,-0.015878938138484955,0.4499911069869995,-0.07892439514398575,1],[7,0.040581319481134415,-0.17175212502479553,0.9843040108680725,0,0.03618375584483147,0.9847218990325928,0.17033326625823975,0,-0.9985209107398987,0.028703464195132256,0.04617595300078392,0,0.46436500549316406,0.4343450963497162,-0.07890262454748154,1],[7,0.07098773866891861,0.13434699177742004,-0.9883884191513062,0,-0.22733250260353088,-0.96263188123703,-0.14717340469360352,0,-0.9712265133857727,0.23514032363891602,-0.03779361769556999,0,0.3374757468700409,0.6103512048721313,0.20719696581363678,1],[7,-0.12636978924274445,-0.0112940464168787,-0.9919189810752869,0,0.7965463995933533,-0.5971176624298096,-0.09468065202236176,0,-0.5912229418754578,-0.8020741939544678,0.08445386588573456,0,0.026445310562849045,0.8122314214706421,0.10308098047971725,1],[7,-0.14266347885131836,0.052302226424217224,-0.9883884191513062,0,0.9844416379928589,-0.09599420428276062,-0.14717347919940948,0,-0.10257706046104431,-0.9940069317817688,-0.03779361769556999,0,-0.5432966351509094,0.5998337864875793,0.2024320662021637,1],[7,0.06090901046991348,0.5882893800735474,-0.8063533306121826,0,0.6498337388038635,-0.6365655064582825,-0.4153316617012024,0,-0.7576318383216858,-0.4986981451511383,-0.4210629463195801,0,0.9347842335700989,0.23279067873954773,0.6550466418266296,1],[7,0.5757774114608765,0.13518396019935608,-0.8063533306121826,0,-0.3885403275489807,-0.8225182294845581,-0.41533157229423523,0,-0.7193863987922668,0.5524393916130066,-0.42106297612190247,0,0.9128373265266418,-0.8069300055503845,0.6550467610359192,1],[7,-0.06091082841157913,-0.5882881283760071,-0.8063541650772095,0,0.6498337984085083,-0.6365667581558228,0.4153296649456024,0,-0.7576317191123962,-0.49869808554649353,0.4210633635520935,0,0.9347842335700989,0.2327904850244522,-0.6550472974777222,1],[7,-0.5757768154144287,-0.13518144190311432,-0.8063542246818542,0,-0.3885419964790344,-0.8225184679031372,0.4153295159339905,0,-0.7193860411643982,0.5524395704269409,0.4210633635520935,0,0.9128367304801941,-0.8069301247596741,-0.6550473570823669,1],[7,-0.0000016945617744568153,0.0000026129278012376744,1,0,-0.036515701562166214,-0.9993332028388977,0.00000254930705523293,0,0.9993331432342529,-0.03651570528745651,0.000001788844542716106,0,-1.3787096738815308,0.01337461918592453,-0.0000023712550500931684,1],[7,-0.8337832689285278,0.38719505071640015,0.3935551047325134,0,0.383567214012146,0.918969452381134,-0.0914955884218216,0,-0.3970917761325836,0.07466732710599899,-0.9147365689277649,0,0.6672056913375854,-0.08113116025924683,1.68855619430542,1],[7,-0.4095551073551178,0.4073645770549774,0.8162834048271179,0,0.5575157999992371,0.8200039267539978,-0.12949799001216888,0,-0.7221085429191589,0.40205439925193787,-0.5629489421844482,0,1.1571438312530518,-0.6464841961860657,1.1640050411224365,1],[7,-0.042324163019657135,-0.23482543230056763,0.97111576795578,0,-0.06403409689664841,-0.9693507552146912,-0.23718945682048798,0,0.9970498085021973,-0.07222336530685425,0.02599012665450573,0,-1.486861228942871,0.08707268536090851,-0.043816592544317245,1],[7,-0.00014171533985063434,0.03867923095822334,0.9992517232894897,0,-0.24416299164295197,-0.9690098762512207,0.037474002689123154,0,0.9697341322898865,-0.2439749836921692,0.009581361897289753,0,-1.8795812129974365,0.3682296872138977,0.017541633918881416,1],[7,-0.5558817982673645,-0.15708838403224945,0.8162834048271179,0,-0.4411196708679199,0.8880561590194702,-0.1294979751110077,0,-0.7045629620552063,-0.4320642650127411,-0.5629489421844482,0,0.9848890900611877,0.4317733645439148,1.164005160331726,1],[7,-0.18141284584999084,-0.4397619962692261,-0.8796015977859497,0,0.45874276757240295,-0.8290050625801086,0.3198528587818146,0,-0.869853138923645,-0.3454854488372803,0.3521297872066498,0,0.7466760277748108,0.13872000575065613,-0.6202700734138489,1],[7,0.896220326423645,-0.151169553399086,0.41705772280693054,0,0.16083259880542755,0.9869074821472168,0.012106109410524368,0,-0.413427472114563,0.05622672662138939,0.908799409866333,0,0.7172250747680664,-0.03796492889523506,-1.6728662252426147,1],[7,0.643511176109314,-0.0644194707274437,0.7627211213111877,0,0.42841270565986633,0.8560692667961121,-0.28915005922317505,0,-0.6343152523040771,0.5128306746482849,0.5784883499145508,0,0.9986936450004578,-0.858758807182312,-1.1713318824768066,1],[7,-0.09647659212350845,0.6394911408424377,0.762721061706543,0,-0.935347318649292,0.20375856757164001,-0.2891501784324646,0,-0.3403199017047882,-0.7413052916526794,0.5784884095191956,0,0.659092903137207,0.8912532329559326,-1.1713318824768066,1],[7,0.18141117691993713,0.4397640526294708,-0.8796008229255676,0,0.45874351263046265,-0.829003632068634,-0.3198551535606384,0,-0.8698530793190002,-0.3454858362674713,-0.3521294593811035,0,0.7466760277748108,0.13872045278549194,0.6202694177627563,1],[7,-0.30396178364753723,0.8922726511955261,-0.33385130763053894,0,0.3012828230857849,-0.24241584539413452,-0.9222057461738586,0,-0.9037896990776062,-0.3808988928794861,-0.19514130055904388,0,1.0719741582870483,0.9601754546165466,0.20749521255493164,1],[7,0.34620487689971924,-0.8055815696716309,0.4808124899864197,0,-0.9151607155799866,-0.1772092580795288,0.3620466887950897,0,-0.20645371079444885,-0.5653630495071411,-0.7985872030258179,0,0.07301002740859985,1.11286199092865,1.052779197692871,1]],8,8,8,8,8,8,8,8,8,8,8,8,8,8,8,8,8,8,8,8,8,8,8,8,8,8,8,8,8,8,8,8,8,8,8,8,8,8,8]]],0,0,[],[],[]],[[[21,"ELF_WoodElf_Standard_Units",[{"rasterizerState":{},"blendState":{"targets":[{}]},"depthStencilState":{}}],[{"HAS_SECOND_UV":true,"USE_ALBEDO_MAP":true}],[[[{"metallic":0.4000000059604645,"roughness":0.7071067690849304},"mainTexture",6,0]],11]]],0,0,[0,0],[6,7],[8,9]]]]
